date,open,high,low,close
1962-01-07,1.0,1.0,1.0,1.0
1962-01-14,1.0,1.0,1.0,1.0
1962-01-21,1.0,1.0,1.0,1.0
1962-01-28,1.0,1.0,1.0,1.0
1962-02-04,1.0,1.0,1.0,1.0
1962-02-11,1.0,1.0,1.0,1.0
1962-02-18,1.0,1.0,1.0,1.0
1962-02-25,1.0,1.0,1.0,1.0
1962-03-04,1.0,1.0,1.0,1.0
1962-03-11,1.0,1.0,1.0,1.0
1962-03-18,1.0,1.0,1.0,1.0
1962-03-25,1.0,1.0,1.0,1.0
1962-04-01,1.0,1.0,1.0,1.0
1962-04-08,1.0,1.0,1.0,1.0
1962-04-15,1.0,1.0,1.0,1.0
1962-04-22,1.0,1.0,1.0,1.0
1962-04-29,1.0,1.0,1.0,1.0
1962-05-06,1.0,1.0,1.0,1.0
1962-05-13,1.0,1.0,1.0,1.0
1962-05-20,1.0,1.0,1.0,1.0
1962-05-27,1.0,1.0,1.0,1.0
1962-06-03,1.0,1.0,1.0,1.0
1962-06-10,1.0,1.0,1.0,1.0
1962-06-17,1.0,1.0,1.0,1.0
1962-06-24,1.0,1.0,1.0,1.0
1962-07-01,1.0,1.0,1.0,1.0
1962-07-08,1.0,1.0,1.0,1.0
1962-07-15,1.0,1.0,1.0,1.0
1962-07-22,1.0,1.0,1.0,1.0
1962-07-29,1.0,1.0,1.0,1.0
1962-08-05,1.0,1.0,1.0,1.0
1962-08-12,1.0,1.0,1.0,1.0
1962-08-19,1.0,1.0,1.0,1.0
1962-08-26,1.0,1.0,1.0,1.0
1962-09-02,1.0,1.0,1.0,1.0
1962-09-09,1.0,1.0,1.0,1.0
1962-09-16,1.0,1.0,1.0,1.0
1962-09-23,1.0,1.0,1.0,1.0
1962-09-30,1.0,1.0,1.0,1.0
1962-10-07,1.0,1.0,1.0,1.0
1962-10-14,1.0,1.0,1.0,1.0
1962-10-21,1.0,1.0,1.0,1.0
1962-10-28,1.0,1.0,1.0,1.0
1962-11-04,1.0,1.0,1.0,1.0
1962-11-11,1.0,1.0,1.0,1.0
1962-11-18,1.0,1.0,1.0,1.0
1962-11-25,1.0,1.0,1.0,1.0
1962-12-02,1.0,1.0,1.0,1.0
1962-12-09,1.0,1.0,1.0,1.0
1962-12-16,1.0,1.0,1.0,1.0
1962-12-23,1.0,1.0,1.0,1.0
1962-12-30,1.0,1.0,1.0,1.0
1963-01-06,1.0,1.0,1.0,1.0
1963-01-13,1.0,1.0,1.0,1.0
1963-01-20,1.0,1.0,1.0,1.0
1963-01-27,1.0,1.0,1.0,1.0
1963-02-03,1.0,1.0,1.0,1.0
1963-02-10,1.0,1.0,1.0,1.0
1963-02-17,1.0,1.0,1.0,1.0
1963-02-24,1.0,1.0,1.0,1.0
1963-03-03,1.0,1.0,1.0,1.0
1963-03-10,1.0,1.0,1.0,1.0
1963-03-17,1.0,1.0,1.0,1.0
1963-03-24,1.0,1.0,1.0,1.0
1963-03-31,1.0,1.0,1.0,1.0
1963-04-07,1.0,1.0,1.0,1.0
1963-04-14,1.0,1.0,1.0,1.0
1963-04-21,1.0,1.0,1.0,1.0
1963-04-28,1.0,1.0,1.0,1.0
1963-05-05,1.0,1.0,1.0,1.0
1963-05-12,1.0,1.0,1.0,1.0
1963-05-19,1.0,1.0,1.0,1.0
1963-05-26,1.0,1.0,1.0,1.0
1963-06-02,1.0,1.0,1.0,1.0
1963-06-09,1.0,1.0,1.0,1.0
1963-06-16,1.0,1.0,1.0,1.0
1963-06-23,1.0,1.0,1.0,1.0
1963-06-30,1.0,1.0,1.0,1.0
1963-07-07,1.0,1.0,1.0,1.0
1963-07-14,1.0,1.0,1.0,1.0
1963-07-21,1.0,1.0,1.0,1.0
1963-07-28,1.0,1.0,1.0,1.0
1963-08-04,1.0,1.0,1.0,1.0
1963-08-11,1.0,1.0,1.0,1.0
1963-08-18,1.0,1.0,1.0,1.0
1963-08-25,1.0,1.0,1.0,1.0
1963-09-01,1.0,1.0,1.0,1.0
1963-09-08,1.0,1.0,1.0,1.0
1963-09-15,1.0,1.0,1.0,1.0
1963-09-22,1.0,1.0,1.0,1.0
1963-09-29,1.0,1.0,1.0,1.0
1963-10-06,1.0,1.0,1.0,1.0
1963-10-13,1.0,1.0,1.0,1.0
1963-10-20,1.0,1.0,1.0,1.0
1963-10-27,1.0,1.0,1.0,1.0
1963-11-03,1.0,1.0,1.0,1.0
1963-11-10,1.0,1.0,1.0,1.0
1963-11-17,1.0,1.0,1.0,1.0
1963-11-24,1.0,1.0,1.0,1.0
1963-12-01,1.0,1.0,1.0,1.0
1963-12-08,1.0,1.0,1.0,1.0
1963-12-15,1.0,1.0,1.0,1.0
1963-12-22,1.0,1.0,1.0,1.0
1963-12-29,1.0,1.0,1.0,1.0
1964-01-05,1.0,1.0,1.0,1.0
1964-01-12,1.0,1.0,1.0,1.0
1964-01-19,1.0,1.0,1.0,1.0
1964-01-26,1.0,1.0,1.0,1.0
1964-02-02,1.0,1.0,1.0,1.0
1964-02-09,1.0,1.0,1.0,1.0
1964-02-16,1.0,1.0,1.0,1.0
1964-02-23,1.0,1.0,1.0,1.0
1964-03-01,1.0,1.0,1.0,1.0
1964-03-08,1.0,1.0,1.0,1.0
1964-03-15,1.0,1.0,1.0,1.0
1964-03-22,1.0,1.0,1.0,1.0
1964-03-29,1.0,1.0,1.0,1.0
1964-04-05,1.0,1.0,1.0,1.0
1964-04-12,1.0,1.0,1.0,1.0
1964-04-19,1.0,1.0,1.0,1.0
1964-04-26,1.0,1.0,1.0,1.0
1964-05-03,1.0,1.0,1.0,1.0
1964-05-10,1.0,1.0,1.0,1.0
1964-05-17,1.0,1.0,1.0,1.0
1964-05-24,1.0,1.0,1.0,1.0
1964-05-31,1.0,1.0,1.0,1.0
1964-06-07,1.0,1.0,1.0,1.0
1964-06-14,1.0,1.0,1.0,1.0
1964-06-21,1.0,1.0,1.0,1.0
1964-06-28,1.0,1.0,1.0,1.0
1964-07-05,1.0,1.0,1.0,1.0
1964-07-12,1.0,1.0,1.0,1.0
1964-07-19,1.0,1.0,1.0,1.0
1964-07-26,1.0,1.0,1.0,1.0
1964-08-02,1.0,1.0,1.0,1.0
1964-08-09,1.0,1.0,1.0,1.0
1964-08-16,1.0,1.0,1.0,1.0
1964-08-23,1.0,1.0,1.0,1.0
1964-08-30,1.0,1.0,1.0,1.0
1964-09-06,1.0,1.0,1.0,1.0
1964-09-13,1.0,1.0,1.0,1.0
1964-09-20,1.0,1.0,1.0,1.0
1964-09-27,1.0,1.0,1.0,1.0
1964-10-04,1.0,1.0,1.0,1.0
1964-10-11,1.0,1.0,1.0,1.0
1964-10-18,1.0,1.0,1.0,1.0
1964-10-25,1.0,1.0,1.0,1.0
1964-11-01,1.0,1.0,1.0,1.0
1964-11-08,1.0,1.0,1.0,1.0
1964-11-15,1.0,1.0,1.0,1.0
1964-11-22,1.0,1.0,1.0,1.0
1964-11-29,1.0,1.0,1.0,1.0
1964-12-06,1.0,1.0,1.0,1.0
1964-12-13,1.0,1.0,1.0,1.0
1964-12-20,1.0,1.0,1.0,1.0
1964-12-27,1.0,1.0,1.0,1.0
1965-01-03,1.0,1.0,1.0,1.0
1965-01-10,1.0,1.0,1.0,1.0
1965-01-17,1.0,1.0,1.0,1.0
1965-01-24,1.0,1.0,1.0,1.0
1965-01-31,1.0,1.0,1.0,1.0
1965-02-07,1.0,1.0,1.0,1.0
1965-02-14,1.0,1.0,1.0,1.0
1965-02-21,1.0,1.0,1.0,1.0
1965-02-28,1.0,1.0,1.0,1.0
1965-03-07,1.0,1.0,1.0,1.0
1965-03-14,1.0,1.0,1.0,1.0
1965-03-21,1.0,1.0,1.0,1.0
1965-03-28,1.0,1.0,1.0,1.0
1965-04-04,1.0,1.0,1.0,1.0
1965-04-11,1.0,1.0,1.0,1.0
1965-04-18,1.0,1.0,1.0,1.0
1965-04-25,1.0,1.0,1.0,1.0
1965-05-02,1.0,1.0,1.0,1.0
1965-05-09,1.0,1.0,1.0,1.0
1965-05-16,1.0,1.0,1.0,1.0
1965-05-23,1.0,1.0,1.0,1.0
1965-05-30,1.0,1.0,1.0,1.0
1965-06-06,1.0,1.0,1.0,1.0
1965-06-13,1.0,1.0,1.0,1.0
1965-06-20,1.0,1.0,1.0,1.0
1965-06-27,1.0,1.0,1.0,1.0
1965-07-04,1.0,1.0,1.0,1.0
1965-07-11,1.0,1.0,1.0,1.0
1965-07-18,1.0,1.0,1.0,1.0
1965-07-25,1.0,1.0,1.0,1.0
1965-08-01,1.0,1.0,1.0,1.0
1965-08-08,1.0,1.0,1.0,1.0
1965-08-15,1.0,1.0,1.0,1.0
1965-08-22,1.0,1.0,1.0,1.0
1965-08-29,1.0,1.0,1.0,1.0
1965-09-05,1.0,1.0,1.0,1.0
1965-09-12,1.0,1.0,1.0,1.0
1965-09-19,1.0,1.0,1.0,1.0
1965-09-26,1.0,1.0,1.0,1.0
1965-10-03,1.0,1.0,1.0,1.0
1965-10-10,1.0,1.0,1.0,1.0
1965-10-17,1.0,1.0,1.0,1.0
1965-10-24,1.0,1.0,1.0,1.0
1965-10-31,1.0,1.0,1.0,1.0
1965-11-07,1.0,1.0,1.0,1.0
1965-11-14,1.0,1.0,1.0,1.0
1965-11-21,1.0,1.0,1.0,1.0
1965-11-28,1.0,1.0,1.0,1.0
1965-12-05,1.0,1.0,1.0,1.0
1965-12-12,1.0,1.0,1.0,1.0
1965-12-19,1.0,1.0,1.0,1.0
1965-12-26,1.0,1.0,1.0,1.0
1966-01-02,1.0,1.0,1.0,1.0
1966-01-09,1.0,1.0,1.0,1.0
1966-01-16,1.0,1.0,1.0,1.0
1966-01-23,1.0,1.0,1.0,1.0
1966-01-30,1.0,1.0,1.0,1.0
1966-02-06,1.0,1.0,1.0,1.0
1966-02-13,1.0,1.0,1.0,1.0
1966-02-20,1.0,1.0,1.0,1.0
1966-02-27,1.0,1.0,1.0,1.0
1966-03-06,1.0,1.0,1.0,1.0
1966-03-13,1.0,1.0,1.0,1.0
1966-03-20,1.0,1.0,1.0,1.0
1966-03-27,1.0,1.0,1.0,1.0
1966-04-03,1.0,1.0,1.0,1.0
1966-04-10,1.0,1.0,1.0,1.0
1966-04-17,1.0,1.0,1.0,1.0
1966-04-24,1.0,1.0,1.0,1.0
1966-05-01,1.0,1.0,1.0,1.0
1966-05-08,1.0,1.0,1.0,1.0
1966-05-15,1.0,1.0,1.0,1.0
1966-05-22,1.0,1.0,1.0,1.0
1966-05-29,1.0,1.0,1.0,1.0
1966-06-05,1.0,1.0,1.0,1.0
1966-06-12,1.0,1.0,1.0,1.0
1966-06-19,1.0,1.0,1.0,1.0
1966-06-26,1.0,1.0,1.0,1.0
1966-07-03,1.0,1.0,1.0,1.0
1966-07-10,1.0,1.0,1.0,1.0
1966-07-17,1.0,1.0,1.0,1.0
1966-07-24,1.0,1.0,1.0,1.0
1966-07-31,1.0,1.0,1.0,1.0
1966-08-07,1.0,1.0,1.0,1.0
1966-08-14,1.0,1.0,1.0,1.0
1966-08-21,1.0,1.0,1.0,1.0
1966-08-28,1.0,1.0,1.0,1.0
1966-09-04,1.0,1.0,1.0,1.0
1966-09-11,1.0,1.0,1.0,1.0
1966-09-18,1.0,1.0,1.0,1.0
1966-09-25,1.0,1.0,1.0,1.0
1966-10-02,1.0,1.0,1.0,1.0
1966-10-09,1.0,1.0,1.0,1.0
1966-10-16,1.0,1.0,1.0,1.0
1966-10-23,1.0,1.0,1.0,1.0
1966-10-30,1.0,1.0,1.0,1.0
1966-11-06,1.0,1.0,1.0,1.0
1966-11-13,1.0,1.0,1.0,1.0
1966-11-20,1.0,1.0,1.0,1.0
1966-11-27,1.0,1.0,1.0,1.0
1966-12-04,1.0,1.0,1.0,1.0
1966-12-11,1.0,1.0,1.0,1.0
1966-12-18,1.0,1.0,1.0,1.0
1966-12-25,1.0,1.0,1.0,1.0
1967-01-01,1.0,1.0,1.0,1.0
1967-01-08,1.0,1.0,1.0,1.0
1967-01-15,1.0,1.0,1.0,1.0
1967-01-22,1.0,1.0,1.0,1.0
1967-01-29,1.0,1.0,1.0,1.0
1967-02-05,1.0,1.0,1.0,1.0
1967-02-12,1.0,1.0,1.0,1.0
1967-02-19,1.0,1.0,1.0,1.0
1967-02-26,1.0,1.0,1.0,1.0
1967-03-05,1.0,1.0,1.0,1.0
1967-03-12,1.0,1.0,1.0,1.0
1967-03-19,1.0,1.0,1.0,1.0
1967-03-26,1.0,1.0,1.0,1.0
1967-04-02,1.0,1.0,1.0,1.0
1967-04-09,1.0,1.0,1.0,1.0
1967-04-16,1.0,1.0,1.0,1.0
1967-04-23,1.0,1.0,1.0,1.0
1967-04-30,1.0,1.0,1.0,1.0
1967-05-07,1.0,1.0,1.0,1.0
1967-05-14,1.0,1.0,1.0,1.0
1967-05-21,1.0,1.0,1.0,1.0
1967-05-28,1.0,1.0,1.0,1.0
1967-06-04,1.0,1.0,1.0,1.0
1967-06-11,1.0,1.0,1.0,1.0
1967-06-18,1.0,1.0,1.0,1.0
1967-06-25,1.0,1.0,1.0,1.0
1967-07-02,1.0,1.0,1.0,1.0
1967-07-09,1.0,1.0,1.0,1.0
1967-07-16,1.0,1.0,1.0,1.0
1967-07-23,1.0,1.0,1.0,1.0
1967-07-30,1.0,1.0,1.0,1.0
1967-08-06,1.0,1.0,1.0,1.0
1967-08-13,1.0,1.0,1.0,1.0
1967-08-20,1.0,1.0,1.0,1.0
1967-08-27,1.0,1.0,1.0,1.0
1967-09-03,1.0,1.0,1.0,1.0
1967-09-10,1.0,1.0,1.0,1.0
1967-09-17,1.0,1.0,1.0,1.0
1967-09-24,1.0,1.0,1.0,1.0
1967-10-01,1.0,1.0,1.0,1.0
1967-10-08,1.0,1.0,1.0,1.0
1967-10-15,1.0,1.0,1.0,1.0
1967-10-22,1.0,1.0,1.0,1.0
1967-10-29,1.0,1.0,1.0,1.0
1967-11-05,1.0,1.0,1.0,1.0
1967-11-12,1.0,1.0,1.0,1.0
1967-11-19,1.0,1.0,1.0,1.0
1967-11-26,1.0,1.0,1.0,1.0
1967-12-03,1.0,1.0,1.0,1.0
1967-12-10,1.0,1.0,1.0,1.0
1967-12-17,1.0,1.0,1.0,1.0
1967-12-24,1.0,1.0,1.0,1.0
1967-12-31,1.0,1.0,1.0,1.0
1968-01-07,1.0,1.0,1.0,1.0
1968-01-14,1.0,1.0,1.0,1.0
1968-01-21,1.0,1.0,1.0,1.0
1968-01-28,1.0,1.0,1.0,1.0
1968-02-04,1.0,1.0,1.0,1.0
1968-02-11,1.0,1.0,1.0,1.0
1968-02-18,1.0,1.0,1.0,1.0
1968-02-25,1.0,1.0,1.0,1.0
1968-03-03,1.0,1.0,1.0,1.0
1968-03-10,1.0,1.0,1.0,1.0
1968-03-17,1.0,1.0,1.0,1.0
1968-03-24,1.0,1.0,1.0,1.0
1968-03-31,1.0,1.0,1.0,1.0
1968-04-07,1.0,1.0,1.0,1.0
1968-04-14,1.0,1.0,1.0,1.0
1968-04-21,1.0,1.0,1.0,1.0
1968-04-28,1.0,1.0,1.0,1.0
1968-05-05,1.0,1.0,1.0,1.0
1968-05-12,1.0,1.0,1.0,1.0
1968-05-19,1.0,1.0,1.0,1.0
1968-05-26,1.0,1.0,1.0,1.0
1968-06-02,1.0,1.0,1.0,1.0
1968-06-09,1.0,1.0,1.0,1.0
1968-06-16,1.0,1.0,1.0,1.0
1968-06-23,1.0,1.0,1.0,1.0
1968-06-30,1.0,1.0,1.0,1.0
1968-07-07,1.0,1.0,1.0,1.0
1968-07-14,1.0,1.0,1.0,1.0
1968-07-21,1.0,1.0,1.0,1.0
1968-07-28,1.0,1.0,1.0,1.0
1968-08-04,1.0,1.0,1.0,1.0
1968-08-11,1.0,1.0,1.0,1.0
1968-08-18,1.0,1.0,1.0,1.0
1968-08-25,1.0,1.0,1.0,1.0
1968-09-01,1.0,1.0,1.0,1.0
1968-09-08,1.0,1.0,1.0,1.0
1968-09-15,1.0,1.0,1.0,1.0
1968-09-22,1.0,1.0,1.0,1.0
1968-09-29,1.0,1.0,1.0,1.0
1968-10-06,1.0,1.0,1.0,1.0
1968-10-13,1.0,1.0,1.0,1.0
1968-10-20,1.0,1.0,1.0,1.0
1968-10-27,1.0,1.0,1.0,1.0
1968-11-03,1.0,1.0,1.0,1.0
1968-11-10,1.0,1.0,1.0,1.0
1968-11-17,1.0,1.0,1.0,1.0
1968-11-24,1.0,1.0,1.0,1.0
1968-12-01,1.0,1.0,1.0,1.0
1968-12-08,1.0,1.0,1.0,1.0
1968-12-15,1.0,1.0,1.0,1.0
1968-12-22,1.0,1.0,1.0,1.0
1968-12-29,1.0,1.0,1.0,1.0
1969-01-05,1.0,1.0,1.0,1.0
1969-01-12,1.0,1.0,1.0,1.0
1969-01-19,1.0,1.0,1.0,1.0
1969-01-26,1.0,1.0,1.0,1.0
1969-02-02,1.0,1.0,1.0,1.0
1969-02-09,1.0,1.0,1.0,1.0
1969-02-16,1.0,1.0,1.0,1.0
1969-02-23,1.0,1.0,1.0,1.0
1969-03-02,1.0,1.0,1.0,1.0
1969-03-09,1.0,1.0,1.0,1.0
1969-03-16,1.0,1.0,1.0,1.0
1969-03-23,1.0,1.0,1.0,1.0
1969-03-30,1.0,1.0,1.0,1.0
1969-04-06,1.0,1.0,1.0,1.0
1969-04-13,1.0,1.0,1.0,1.0
1969-04-20,1.0,1.0,1.0,1.0
1969-04-27,1.0,1.0,1.0,1.0
1969-05-04,1.0,1.0,1.0,1.0
1969-05-11,1.0,1.0,1.0,1.0
1969-05-18,1.0,1.0,1.0,1.0
1969-05-25,1.0,1.0,1.0,1.0
1969-06-01,1.0,1.0,1.0,1.0
1969-06-08,1.0,1.0,1.0,1.0
1969-06-15,1.0,1.0,1.0,1.0
1969-06-22,1.0,1.0,1.0,1.0
1969-06-29,1.0,1.0,1.0,1.0
1969-07-06,1.0,1.0,1.0,1.0
1969-07-13,1.0,1.0,1.0,1.0
1969-07-20,1.0,1.0,1.0,1.0
1969-07-27,1.0,1.0,1.0,1.0
1969-08-03,1.0,1.0,1.0,1.0
1969-08-10,1.0,1.0,1.0,1.0
1969-08-17,1.0,1.0,1.0,1.0
1969-08-24,1.0,1.0,1.0,1.0
1969-08-31,1.0,1.0,1.0,1.0
1969-09-07,1.0,1.0,1.0,1.0
1969-09-14,1.0,1.0,1.0,1.0
1969-09-21,1.0,1.0,1.0,1.0
1969-09-28,1.0,1.0,1.0,1.0
1969-10-05,1.0,1.0,1.0,1.0
1969-10-12,1.0,1.0,1.0,1.0
1969-10-19,1.0,1.0,1.0,1.0
1969-10-26,1.0,1.0,1.0,1.0
1969-11-02,1.0,1.0,1.0,1.0
1969-11-09,1.0,1.0,1.0,1.0
1969-11-16,1.0,1.0,1.0,1.0
1969-11-23,1.0,1.0,1.0,1.0
1969-11-30,1.0,1.0,1.0,1.0
1969-12-07,1.0,1.0,1.0,1.0
1969-12-14,1.0,1.0,1.0,1.0
1969-12-21,1.0,1.0,1.0,1.0
1969-12-28,1.0,1.0,1.0,1.0
1970-01-04,1.0,1.0,1.0,1.0
1970-01-11,1.0,1.0,1.0,1.0
1970-01-18,1.0,1.0,1.0,1.0
1970-01-25,1.0,1.0,1.0,1.0
1970-02-01,1.0,1.0,1.0,1.0
1970-02-08,1.0,1.0,1.0,1.0
1970-02-15,1.0,1.0,1.0,1.0
1970-02-22,1.0,1.0,1.0,1.0
1970-03-01,1.0,1.0,1.0,1.0
1970-03-08,1.0,1.0,1.0,1.0
1970-03-15,1.0,1.0,1.0,1.0
1970-03-22,1.0,1.0,1.0,1.0
1970-03-29,1.0,1.0,1.0,1.0
1970-04-05,1.0,1.0,1.0,1.0
1970-04-12,1.0,1.0,1.0,1.0
1970-04-19,1.0,1.0,1.0,1.0
1970-04-26,1.0,1.0,1.0,1.0
1970-05-03,1.0,1.0,1.0,1.0
1970-05-10,1.0,1.0,1.0,1.0
1970-05-17,1.0,1.0,1.0,1.0
1970-05-24,1.0,1.0,1.0,1.0
1970-05-31,1.0,1.0,1.0,1.0
1970-06-07,1.0,1.0,1.0,1.0
1970-06-14,1.0,1.0,1.0,1.0
1970-06-21,1.0,1.0,1.0,1.0
1970-06-28,1.0,1.0,1.0,1.0
1970-07-05,1.0,1.0,1.0,1.0
1970-07-12,1.0,1.0,1.0,1.0
1970-07-19,1.0,1.0,1.0,1.0
1970-07-26,1.0,1.0,1.0,1.0
1970-08-02,1.0,1.0,1.0,1.0
1970-08-09,1.0,1.0,1.0,1.0
1970-08-16,1.0,1.0,1.0,1.0
1970-08-23,1.0,1.0,1.0,1.0
1970-08-30,1.0,1.0,1.0,1.0
1970-09-06,1.0,1.0,1.0,1.0
1970-09-13,1.0,1.0,1.0,1.0
1970-09-20,1.0,1.0,1.0,1.0
1970-09-27,1.0,1.0,1.0,1.0
1970-10-04,1.0,1.0,1.0,1.0
1970-10-11,1.0,1.0,1.0,1.0
1970-10-18,1.0,1.0,1.0,1.0
1970-10-25,1.0,1.0,1.0,1.0
1970-11-01,1.0,1.0,1.0,1.0
1970-11-08,1.0,1.0,1.0,1.0
1970-11-15,1.0,1.0,1.0,1.0
1970-11-22,1.0,1.0,1.0,1.0
1970-11-29,1.0,1.0,1.0,1.0
1970-12-06,1.0,1.0,1.0,1.0
1970-12-13,1.0,1.0,1.0,1.0
1970-12-20,1.0,1.0,1.0,1.0
1970-12-27,1.0,1.0,1.0,1.0
1971-01-03,1.0,1.0,1.0,1.0
1971-01-10,1.0,1.0,1.0,1.0
1971-01-17,1.0,1.0,1.0,1.0
1971-01-24,1.0,1.0,1.0,1.0
1971-01-31,1.0,1.0,1.0,1.0
1971-02-07,1.0,1.0,1.0,1.0
1971-02-14,1.0,1.0,1.0,1.0
1971-02-21,1.0,1.0,1.0,1.0
1971-02-28,1.0,1.0,1.0,1.0
1971-03-07,1.0,1.0,1.0,1.0
1971-03-14,1.0,1.0,1.0,1.0
1971-03-21,1.0,1.0,1.0,1.0
1971-03-28,1.0,1.0,1.0,1.0
1971-04-04,1.0,1.0,1.0,1.0
1971-04-11,1.0,1.0,1.0,1.0
1971-04-18,1.0,1.0,1.0,1.0
1971-04-25,1.0,1.0,1.0,1.0
1971-05-02,1.0,1.0,1.0,1.0
1971-05-09,1.0,1.0,1.0,1.0
1971-05-16,1.0,1.0,1.0,1.0
1971-05-23,1.0,1.0,1.0,1.0
1971-05-30,1.0,1.0,1.0,1.0
1971-06-06,1.0,1.0,1.0,1.0
1971-06-13,1.0,1.0,1.0,1.0
1971-06-20,1.0,1.0,1.0,1.0
1971-06-27,1.0,1.0,1.0,1.0
1971-07-04,1.0,1.0,1.0,1.0
1971-07-11,1.0,1.0,1.0,1.0
1971-07-18,1.0,1.0,1.0,1.0
1971-07-25,1.0,1.0,1.0,1.0
1971-08-01,1.0,1.0,1.0,1.0
1971-08-08,1.0,1.0,1.0,1.0
1971-08-15,1.0,1.0,1.0,1.0
1971-08-22,1.0,1.0,1.0,1.0
1971-08-29,1.0,1.0,1.0,1.0
1971-09-05,1.0,1.0,1.0,1.0
1971-09-12,1.0,1.0,1.0,1.0
1971-09-19,1.0,1.0,1.0,1.0
1971-09-26,1.0,1.0,1.0,1.0
1971-10-03,1.0,1.0,1.0,1.0
1971-10-10,1.0,1.0,1.0,1.0
1971-10-17,1.0,1.0,1.0,1.0
1971-10-24,1.0,1.0,1.0,1.0
1971-10-31,1.0,1.0,1.0,1.0
1971-11-07,1.0,1.0,1.0,1.0
1971-11-14,1.0,1.0,1.0,1.0
1971-11-21,1.0,1.0,1.0,1.0
1971-11-28,1.0,1.0,1.0,1.0
1971-12-05,1.0,1.0,1.0,1.0
1971-12-12,1.0,1.0,1.0,1.0
1971-12-19,1.0,1.0,1.0,1.0
1971-12-26,1.0,1.0,1.0,1.0
1972-01-02,1.0,1.0,1.0,1.0
1972-01-09,1.0,1.0,1.0,1.0
1972-01-16,1.0,1.0,1.0,1.0
1972-01-23,1.0,1.0,1.0,1.0
1972-01-30,1.0,1.0,1.0,1.0
1972-02-06,1.0,1.0,1.0,1.0
1972-02-13,1.0,1.0,1.0,1.0
1972-02-20,1.0,1.0,1.0,1.0
1972-02-27,1.0,1.0,1.0,1.0
1972-03-05,1.0,1.0,1.0,1.0
1972-03-12,1.0,1.0,1.0,1.0
1972-03-19,1.0,1.0,1.0,1.0
1972-03-26,1.0,1.0,1.0,1.0
1972-04-02,1.0,1.0,1.0,1.0
1972-04-09,1.0,1.0,1.0,1.0
1972-04-16,1.0,1.0,1.0,1.0
1972-04-23,1.0,1.0,1.0,1.0
1972-04-30,1.0,1.0,1.0,1.0
1972-05-07,1.0,1.0,1.0,1.0
1972-05-14,1.0,1.0,1.0,1.0
1972-05-21,1.0,1.0,1.0,1.0
1972-05-28,1.0,1.0,1.0,1.0
1972-06-04,1.0,1.0,1.0,1.0
1972-06-11,1.0,1.0,1.0,1.0
1972-06-18,1.0,1.0,1.0,1.0
1972-06-25,1.0,1.0,1.0,1.0
1972-07-02,1.0,1.0,1.0,1.0
1972-07-09,1.0,1.0,1.0,1.0
1972-07-16,1.0,1.0,1.0,1.0
1972-07-23,1.0,1.0,1.0,1.0
1972-07-30,1.0,1.0,1.0,1.0
1972-08-06,1.0,1.0,1.0,1.0
1972-08-13,1.0,1.0,1.0,1.0
1972-08-20,1.0,1.0,1.0,1.0
1972-08-27,1.0,1.0,1.0,1.0
1972-09-03,1.0,1.0,1.0,1.0
1972-09-10,1.0,1.0,1.0,1.0
1972-09-17,1.0,1.0,1.0,1.0
1972-09-24,1.0,1.0,1.0,1.0
1972-10-01,1.0,1.0,1.0,1.0
1972-10-08,1.0,1.0,1.0,1.0
1972-10-15,1.0,1.0,1.0,1.0
1972-10-22,1.0,1.0,1.0,1.0
1972-10-29,1.0,1.0,1.0,1.0
1972-11-05,1.0,1.0,1.0,1.0
1972-11-12,1.0,1.0,1.0,1.0
1972-11-19,1.0,1.0,1.0,1.0
1972-11-26,1.0,1.0,1.0,1.0
1972-12-03,1.0,1.0,1.0,1.0
1972-12-10,1.0,1.0,1.0,1.0
1972-12-17,1.0,1.0,1.0,1.0
1972-12-24,1.0,1.0,1.0,1.0
1972-12-31,1.0,1.0,1.0,1.0
1973-01-07,1.0,1.0,1.0,1.0
1973-01-14,1.0,1.0,1.0,1.0
1973-01-21,1.0,1.0,1.0,1.0
1973-01-28,1.0,1.0,1.0,1.0
1973-02-04,1.0,1.0,1.0,1.0
1973-02-11,1.0,1.0,1.0,1.0
1973-02-18,1.0,1.0,1.0,1.0
1973-02-25,1.0,1.0,1.0,1.0
1973-03-04,1.0,1.0,1.0,1.0
1973-03-11,1.0,1.0,1.0,1.0
1973-03-18,1.0,1.0,1.0,1.0
1973-03-25,1.0,1.0,1.0,1.0
1973-04-01,1.0,1.0,1.0,1.0
1973-04-08,1.0,1.0,1.0,1.0
1973-04-15,1.0,1.0,1.0,1.0
1973-04-22,1.0,1.0,1.0,1.0
1973-04-29,1.0,1.0,1.0,1.0
1973-05-06,1.0,1.0,1.0,1.0
1973-05-13,1.0,1.0,1.0,1.0
1973-05-20,1.0,1.0,1.0,1.0
1973-05-27,1.0,1.0,1.0,1.0
1973-06-03,1.0,1.0,1.0,1.0
1973-06-10,1.0,1.0,1.0,1.0
1973-06-17,1.0,1.0,1.0,1.0
1973-06-24,1.0,1.0,1.0,1.0
1973-07-01,1.0,1.0,1.0,1.0
1973-07-08,1.0,1.0,1.0,1.0
1973-07-15,1.0,1.0,1.0,1.0
1973-07-22,1.0,1.0,1.0,1.0
1973-07-29,1.0,1.0,1.0,1.0
1973-08-05,1.0,1.0,1.0,1.0
1973-08-12,1.0,1.0,1.0,1.0
1973-08-19,1.0,1.0,1.0,1.0
1973-08-26,1.0,1.0,1.0,1.0
1973-09-02,1.0,1.0,1.0,1.0
1973-09-09,1.0,1.0,1.0,1.0
1973-09-16,1.0,1.0,1.0,1.0
1973-09-23,1.0,1.0,1.0,1.0
1973-09-30,1.0,1.0,1.0,1.0
1973-10-07,1.0,1.0,1.0,1.0
1973-10-14,1.0,1.0,1.0,1.0
1973-10-21,1.0,1.0,1.0,1.0
1973-10-28,1.0,1.0,1.0,1.0
1973-11-04,1.0,1.0,1.0,1.0
1973-11-11,1.0,1.0,1.0,1.0
1973-11-18,1.0,1.0,1.0,1.0
1973-11-25,1.0,1.0,1.0,1.0
1973-12-02,1.0,1.0,1.0,1.0
1973-12-09,1.0,1.0,1.0,1.0
1973-12-16,1.0,1.0,1.0,1.0
1973-12-23,1.0,1.0,1.0,1.0
1973-12-30,1.0,1.0,1.0,1.0
1974-01-06,1.0,1.0,1.0,1.0
1974-01-13,1.0,1.0,1.0,1.0
1974-01-20,1.0,1.0,1.0,1.0
1974-01-27,1.0,1.0,1.0,1.0
1974-02-03,1.0,1.0,1.0,1.0
1974-02-10,1.0,1.0,1.0,1.0
1974-02-17,1.0,1.0,1.0,1.0
1974-02-24,1.0,1.0,1.0,1.0
1974-03-03,1.0,1.0,1.0,1.0
1974-03-10,1.0,1.0,1.0,1.0
1974-03-17,1.0,1.0,1.0,1.0
1974-03-24,1.0,1.0,1.0,1.0
1974-03-31,1.0,1.0,1.0,1.0
1974-04-07,1.0,1.0,1.0,1.0
1974-04-14,1.0,1.0,1.0,1.0
1974-04-21,1.0,1.0,1.0,1.0
1974-04-28,1.0,1.0,1.0,1.0
1974-05-05,1.0,1.0,1.0,1.0
1974-05-12,1.0,1.0,1.0,1.0
1974-05-19,1.0,1.0,1.0,1.0
1974-05-26,1.0,1.0,1.0,1.0
1974-06-02,1.0,1.0,1.0,1.0
1974-06-09,1.0,1.0,1.0,1.0
1974-06-16,1.0,1.0,1.0,1.0
1974-06-23,1.0,1.0,1.0,1.0
1974-06-30,1.0,1.0,1.0,1.0
1974-07-07,1.0,1.0,1.0,1.0
1974-07-14,1.0,1.0,1.0,1.0
1974-07-21,1.0,1.0,1.0,1.0
1974-07-28,1.0,1.0,1.0,1.0
1974-08-04,1.0,1.0,1.0,1.0
1974-08-11,1.0,1.0,1.0,1.0
1974-08-18,1.0,1.0,1.0,1.0
1974-08-25,1.0,1.0,1.0,1.0
1974-09-01,1.0,1.0,1.0,1.0
1974-09-08,1.0,1.0,1.0,1.0
1974-09-15,1.0,1.0,1.0,1.0
1974-09-22,1.0,1.0,1.0,1.0
1974-09-29,1.0,1.0,1.0,1.0
1974-10-06,1.0,1.0,1.0,1.0
1974-10-13,1.0,1.0,1.0,1.0
1974-10-20,1.0,1.0,1.0,1.0
1974-10-27,1.0,1.0,1.0,1.0
1974-11-03,1.0,1.0,1.0,1.0
1974-11-10,1.0,1.0,1.0,1.0
1974-11-17,1.0,1.0,1.0,1.0
1974-11-24,1.0,1.0,1.0,1.0
1974-12-01,1.0,1.0,1.0,1.0
1974-12-08,1.0,1.0,1.0,1.0
1974-12-15,1.0,1.0,1.0,1.0
1974-12-22,1.0,1.0,1.0,1.0
1974-12-29,1.0,1.0,1.0,1.0
1975-01-05,1.0,1.0,1.0,1.0
1975-01-12,1.0,1.0,1.0,1.0
1975-01-19,1.0,1.0,1.0,1.0
1975-01-26,1.0,1.0,1.0,1.0
1975-02-02,1.0,1.0,1.0,1.0
1975-02-09,1.0,1.0,1.0,1.0
1975-02-16,1.0,1.0,1.0,1.0
1975-02-23,1.0,1.0,1.0,1.0
1975-03-02,1.0,1.0,1.0,1.0
1975-03-09,1.0,1.0,1.0,1.0
1975-03-16,1.0,1.0,1.0,1.0
1975-03-23,1.0,1.0,1.0,1.0
1975-03-30,1.0,1.0,1.0,1.0
1975-04-06,1.0,1.0,1.0,1.0
1975-04-13,1.0,1.0,1.0,1.0
1975-04-20,1.0,1.0,1.0,1.0
1975-04-27,1.0,1.0,1.0,1.0
1975-05-04,1.0,1.0,1.0,1.0
1975-05-11,1.0,1.0,1.0,1.0
1975-05-18,1.0,1.0,1.0,1.0
1975-05-25,1.0,1.0,1.0,1.0
1975-06-01,1.0,1.0,1.0,1.0
1975-06-08,1.0,1.0,1.0,1.0
1975-06-15,1.0,1.0,1.0,1.0
1975-06-22,1.0,1.0,1.0,1.0
1975-06-29,1.0,1.0,1.0,1.0
1975-07-06,1.0,1.0,1.0,1.0
1975-07-13,1.0,1.0,1.0,1.0
1975-07-20,1.0,1.0,1.0,1.0
1975-07-27,1.0,1.0,1.0,1.0
1975-08-03,1.0,1.0,1.0,1.0
1975-08-10,1.0,1.0,1.0,1.0
1975-08-17,1.0,1.0,1.0,1.0
1975-08-24,1.0,1.0,1.0,1.0
1975-08-31,1.0,1.0,1.0,1.0
1975-09-07,1.0,1.0,1.0,1.0
1975-09-14,1.0,1.0,1.0,1.0
1975-09-21,1.0,1.0,1.0,1.0
1975-09-28,1.0,1.0,1.0,1.0
1975-10-05,1.0,1.0,1.0,1.0
1975-10-12,1.0,1.0,1.0,1.0
1975-10-19,1.0,1.0,1.0,1.0
1975-10-26,1.0,1.0,1.0,1.0
1975-11-02,1.0,1.0,1.0,1.0
1975-11-09,1.0,1.0,1.0,1.0
1975-11-16,1.0,1.0,1.0,1.0
1975-11-23,1.0,1.0,1.0,1.0
1975-11-30,1.0,1.0,1.0,1.0
1975-12-07,1.0,1.0,1.0,1.0
1975-12-14,1.0,1.0,1.0,1.0
1975-12-21,1.0,1.0,1.0,1.0
1975-12-28,1.0,1.0,1.0,1.0
1976-01-04,1.0,1.0,1.0,1.0
1976-01-11,1.0,1.0,1.0,1.0
1976-01-18,1.0,1.0,1.0,1.0
1976-01-25,1.0,1.0,1.0,1.0
1976-02-01,1.0,1.0,1.0,1.0
1976-02-08,1.0,1.0,1.0,1.0
1976-02-15,1.0,1.0,1.0,1.0
1976-02-22,1.0,1.0,1.0,1.0
1976-02-29,1.0,1.0,1.0,1.0
1976-03-07,1.0,1.0,1.0,1.0
1976-03-14,1.0,1.0,1.0,1.0
1976-03-21,1.0,1.0,1.0,1.0
1976-03-28,1.0,1.0,1.0,1.0
1976-04-04,1.0,1.0,1.0,1.0
1976-04-11,1.0,1.0,1.0,1.0
1976-04-18,1.0,1.0,1.0,1.0
1976-04-25,1.0,1.0,1.0,1.0
1976-05-02,1.0,1.0,1.0,1.0
1976-05-09,1.0,1.0,1.0,1.0
1976-05-16,1.0,1.0,1.0,1.0
1976-05-23,1.0,1.0,1.0,1.0
1976-05-30,1.0,1.0,1.0,1.0
1976-06-06,1.0,1.0,1.0,1.0
1976-06-13,1.0,1.0,1.0,1.0
1976-06-20,1.0,1.0,1.0,1.0
1976-06-27,1.0,1.0,1.0,1.0
1976-07-04,1.0,1.0,1.0,1.0
1976-07-11,1.0,1.0,1.0,1.0
1976-07-18,1.0,1.0,1.0,1.0
1976-07-25,1.0,1.0,1.0,1.0
1976-08-01,1.0,1.0,1.0,1.0
1976-08-08,1.0,1.0,1.0,1.0
1976-08-15,1.0,1.0,1.0,1.0
1976-08-22,1.0,1.0,1.0,1.0
1976-08-29,1.0,1.0,1.0,1.0
1976-09-05,1.0,1.0,1.0,1.0
1976-09-12,1.0,1.0,1.0,1.0
1976-09-19,1.0,1.0,1.0,1.0
1976-09-26,1.0,1.0,1.0,1.0
1976-10-03,1.0,1.0,1.0,1.0
1976-10-10,1.0,1.0,1.0,1.0
1976-10-17,1.0,1.0,1.0,1.0
1976-10-24,1.0,1.0,1.0,1.0
1976-10-31,1.0,1.0,1.0,1.0
1976-11-07,1.0,1.0,1.0,1.0
1976-11-14,1.0,1.0,1.0,1.0
1976-11-21,1.0,1.0,1.0,1.0
1976-11-28,1.0,1.0,1.0,1.0
1976-12-05,1.0,1.0,1.0,1.0
1976-12-12,1.0,1.0,1.0,1.0
1976-12-19,1.0,1.0,1.0,1.0
1976-12-26,1.0,1.0,1.0,1.0
1977-01-02,1.0,1.0,1.0,1.0
1977-01-09,1.0,1.0,1.0,1.0
1977-01-16,1.0,1.0,1.0,1.0
1977-01-23,1.0,1.0,1.0,1.0
1977-01-30,1.0,1.0,1.0,1.0
1977-02-06,1.0,1.0,1.0,1.0
1977-02-13,1.0,1.0,1.0,1.0
1977-02-20,1.0,1.0,1.0,1.0
1977-02-27,1.0,1.0,1.0,1.0
1977-03-06,1.0,1.0,1.0,1.0
1977-03-13,1.0,1.0,1.0,1.0
1977-03-20,1.0,1.0,1.0,1.0
1977-03-27,1.0,1.0,1.0,1.0
1977-04-03,1.0,1.0,1.0,1.0
1977-04-10,1.0,1.0,1.0,1.0
1977-04-17,1.0,1.0,1.0,1.0
1977-04-24,1.0,1.0,1.0,1.0
1977-05-01,1.0,1.0,1.0,1.0
1977-05-08,1.0,1.0,1.0,1.0
1977-05-15,1.0,1.0,1.0,1.0
1977-05-22,1.0,1.0,1.0,1.0
1977-05-29,1.0,1.0,1.0,1.0
1977-06-05,1.0,1.0,1.0,1.0
1977-06-12,1.0,1.0,1.0,1.0
1977-06-19,1.0,1.0,1.0,1.0
1977-06-26,1.0,1.0,1.0,1.0
1977-07-03,1.0,1.0,1.0,1.0
1977-07-10,1.0,1.0,1.0,1.0
1977-07-17,1.0,1.0,1.0,1.0
1977-07-24,1.0,1.0,1.0,1.0
1977-07-31,1.0,1.0,1.0,1.0
1977-08-07,1.0,1.0,1.0,1.0
1977-08-14,1.0,1.0,1.0,1.0
1977-08-21,1.0,1.0,1.0,1.0
1977-08-28,1.0,1.0,1.0,1.0
1977-09-04,1.0,1.0,1.0,1.0
1977-09-11,1.0,1.0,1.0,1.0
1977-09-18,1.0,1.0,1.0,1.0
1977-09-25,1.0,1.0,1.0,1.0
1977-10-02,1.0,1.0,1.0,1.0
1977-10-09,1.0,1.0,1.0,1.0
1977-10-16,1.0,1.0,1.0,1.0
1977-10-23,1.0,1.0,1.0,1.0
1977-10-30,1.0,1.0,1.0,1.0
1977-11-06,1.0,1.0,1.0,1.0
1977-11-13,1.0,1.0,1.0,1.0
1977-11-20,1.0,1.0,1.0,1.0
1977-11-27,1.0,1.0,1.0,1.0
1977-12-04,1.0,1.0,1.0,1.0
1977-12-11,1.0,1.0,1.0,1.0
1977-12-18,1.0,1.0,1.0,1.0
1977-12-25,1.0,1.0,1.0,1.0
1978-01-01,1.0,1.0,1.0,1.0
1978-01-08,1.0,1.0,1.0,1.0
1978-01-15,1.0,1.0,1.0,1.0
1978-01-22,1.0,1.0,1.0,1.0
1978-01-29,1.0,1.0,1.0,1.0
1978-02-05,1.0,1.0,1.0,1.0
1978-02-12,1.0,1.0,1.0,1.0
1978-02-19,1.0,1.0,1.0,1.0
1978-02-26,1.0,1.0,1.0,1.0
1978-03-05,1.0,1.0,1.0,1.0
1978-03-12,1.0,1.0,1.0,1.0
1978-03-19,1.0,1.0,1.0,1.0
1978-03-26,1.0,1.0,1.0,1.0
1978-04-02,1.0,1.0,1.0,1.0
1978-04-09,1.0,1.0,1.0,1.0
1978-04-16,1.0,1.0,1.0,1.0
1978-04-23,1.0,1.0,1.0,1.0
1978-04-30,1.0,1.0,1.0,1.0
1978-05-07,1.0,1.0,1.0,1.0
1978-05-14,1.0,1.0,1.0,1.0
1978-05-21,1.0,1.0,1.0,1.0
1978-05-28,1.0,1.0,1.0,1.0
1978-06-04,1.0,1.0,1.0,1.0
1978-06-11,1.0,1.0,1.0,1.0
1978-06-18,1.0,1.0,1.0,1.0
1978-06-25,1.0,1.0,1.0,1.0
1978-07-02,1.0,1.0,1.0,1.0
1978-07-09,1.0,1.0,1.0,1.0
1978-07-16,1.0,1.0,1.0,1.0
1978-07-23,1.0,1.0,1.0,1.0
1978-07-30,1.0,1.0,1.0,1.0
1978-08-06,1.0,1.0,1.0,1.0
1978-08-13,1.0,1.0,1.0,1.0
1978-08-20,1.0,1.0,1.0,1.0
1978-08-27,1.0,1.0,1.0,1.0
1978-09-03,1.0,1.0,1.0,1.0
1978-09-10,1.0,1.0,1.0,1.0
1978-09-17,1.0,1.0,1.0,1.0
1978-09-24,1.0,1.0,1.0,1.0
1978-10-01,1.0,1.0,1.0,1.0
1978-10-08,1.0,1.0,1.0,1.0
1978-10-15,1.0,1.0,1.0,1.0
1978-10-22,1.0,1.0,1.0,1.0
1978-10-29,1.0,1.0,1.0,1.0
1978-11-05,1.0,1.0,1.0,1.0
1978-11-12,1.0,1.0,1.0,1.0
1978-11-19,1.0,1.0,1.0,1.0
1978-11-26,1.0,1.0,1.0,1.0
1978-12-03,1.0,1.0,1.0,1.0
1978-12-10,1.0,1.0,1.0,1.0
1978-12-17,1.0,1.0,1.0,1.0
1978-12-24,1.0,1.0,1.0,1.0
1978-12-31,1.0,1.0,1.0,1.0
1979-01-07,1.0,1.0,1.0,1.0
1979-01-14,1.0,1.0,1.0,1.0
1979-01-21,1.0,1.0,1.0,1.0
1979-01-28,1.0,1.0,1.0,1.0
1979-02-04,1.0,1.0,1.0,1.0
1979-02-11,1.0,1.0,1.0,1.0
1979-02-18,1.0,1.0,1.0,1.0
1979-02-25,1.0,1.0,1.0,1.0
1979-03-04,1.0,1.0,1.0,1.0
1979-03-11,1.0,1.0,1.0,1.0
1979-03-18,1.0,1.0,1.0,1.0
1979-03-25,1.0,1.0,1.0,1.0
1979-04-01,1.0,1.0,1.0,1.0
1979-04-08,1.0,1.0,1.0,1.0
1979-04-15,1.0,1.0,1.0,1.0
1979-04-22,1.0,1.0,1.0,1.0
1979-04-29,1.0,1.0,1.0,1.0
1979-05-06,1.0,1.0,1.0,1.0
1979-05-13,1.0,1.0,1.0,1.0
1979-05-20,1.0,1.0,1.0,1.0
1979-05-27,1.0,1.0,1.0,1.0
1979-06-03,1.0,1.0,1.0,1.0
1979-06-10,1.0,1.0,1.0,1.0
1979-06-17,1.0,1.0,1.0,1.0
1979-06-24,1.0,1.0,1.0,1.0
1979-07-01,1.0,1.0,1.0,1.0
1979-07-08,1.0,1.0,1.0,1.0
1979-07-15,1.0,1.0,1.0,1.0
1979-07-22,1.0,1.0,1.0,1.0
1979-07-29,1.0,1.0,1.0,1.0
1979-08-05,1.0,1.0,1.0,1.0
1979-08-12,1.0,1.0,1.0,1.0
1979-08-19,1.0,1.0,1.0,1.0
1979-08-26,1.0,1.0,1.0,1.0
1979-09-02,1.0,1.0,1.0,1.0
1979-09-09,1.0,1.0,1.0,1.0
1979-09-16,1.0,1.0,1.0,1.0
1979-09-23,1.0,1.0,1.0,1.0
1979-09-30,1.0,1.0,1.0,1.0
1979-10-07,1.0,1.0,1.0,1.0
1979-10-14,1.0,1.0,1.0,1.0
1979-10-21,1.0,1.0,1.0,1.0
1979-10-28,1.0,1.0,1.0,1.0
1979-11-04,1.0,1.0,1.0,1.0
1979-11-11,1.0,1.0,1.0,1.0
1979-11-18,1.0,1.0,1.0,1.0
1979-11-25,1.0,1.0,1.0,1.0
1979-12-02,1.0,1.0,1.0,1.0
1979-12-09,1.0,1.0,1.0,1.0
1979-12-16,1.0,1.0,1.0,1.0
1979-12-23,1.0,1.0,1.0,1.0
1979-12-30,1.0,1.0,1.0,1.0
1980-01-06,1.0,1.0,1.0,1.0
1980-01-13,1.0,1.0,1.0,1.0
1980-01-20,1.0,1.0,1.0,1.0
1980-01-27,1.0,1.0,1.0,1.0
1980-02-03,1.0,1.0,1.0,1.0
1980-02-10,1.0,1.0,1.0,1.0
1980-02-17,1.0,1.0,1.0,1.0
1980-02-24,1.0,1.0,1.0,1.0
1980-03-02,1.0,1.0,1.0,1.0
1980-03-09,1.0,1.0,1.0,1.0
1980-03-16,1.0,1.0,1.0,1.0
1980-03-23,1.0,1.0,1.0,1.0
1980-03-30,1.0,1.0,1.0,1.0
1980-04-06,1.0,1.0,1.0,1.0
1980-04-13,1.0,1.0,1.0,1.0
1980-04-20,1.0,1.0,1.0,1.0
1980-04-27,1.0,1.0,1.0,1.0
1980-05-04,1.0,1.0,1.0,1.0
1980-05-11,1.0,1.0,1.0,1.0
1980-05-18,1.0,1.0,1.0,1.0
1980-05-25,1.0,1.0,1.0,1.0
1980-06-01,1.0,1.0,1.0,1.0
1980-06-08,1.0,1.0,1.0,1.0
1980-06-15,1.0,1.0,1.0,1.0
1980-06-22,1.0,1.0,1.0,1.0
1980-06-29,1.0,1.0,1.0,1.0
1980-07-06,1.0,1.0,1.0,1.0
1980-07-13,1.0,1.0,1.0,1.0
1980-07-20,1.0,1.0,1.0,1.0
1980-07-27,1.0,1.0,1.0,1.0
1980-08-03,1.0,1.0,1.0,1.0
1980-08-10,1.0,1.0,1.0,1.0
1980-08-17,1.0,1.0,1.0,1.0
1980-08-24,1.0,1.0,1.0,1.0
1980-08-31,1.0,1.0,1.0,1.0
1980-09-07,1.0,1.0,1.0,1.0
1980-09-14,1.0,1.0,1.0,1.0
1980-09-21,1.0,1.0,1.0,1.0
1980-09-28,1.0,1.0,1.0,1.0
1980-10-05,1.0,1.0,1.0,1.0
1980-10-12,1.0,1.0,1.0,1.0
1980-10-19,1.0,1.0,1.0,1.0
1980-10-26,1.0,1.0,1.0,1.0
1980-11-02,1.0,1.0,1.0,1.0
1980-11-09,1.0,1.0,1.0,1.0
1980-11-16,1.0,1.0,1.0,1.0
1980-11-23,1.0,1.0,1.0,1.0
1980-11-30,1.0,1.0,1.0,1.0
1980-12-07,1.0,1.0,1.0,1.0
1980-12-14,1.0,1.0,1.0,1.0
1980-12-21,1.0,1.0,1.0,1.0
1980-12-28,1.0,1.0,1.0,1.0
1981-01-04,1.0,1.0,1.0,1.0
1981-01-11,1.0,1.0,1.0,1.0
1981-01-18,1.0,1.0,1.0,1.0
1981-01-25,1.0,1.0,1.0,1.0
1981-02-01,1.0,1.0,1.0,1.0
1981-02-08,1.0,1.0,1.0,1.0
1981-02-15,1.0,1.0,1.0,1.0
1981-02-22,1.0,1.0,1.0,1.0
1981-03-01,1.0,1.0,1.0,1.0
1981-03-08,1.0,1.0,1.0,1.0
1981-03-15,1.0,1.0,1.0,1.0
1981-03-22,1.0,1.0,1.0,1.0
1981-03-29,1.0,1.0,1.0,1.0
1981-04-05,1.0,1.0,1.0,1.0
1981-04-12,1.0,1.0,1.0,1.0
1981-04-19,1.0,1.0,1.0,1.0
1981-04-26,1.0,1.0,1.0,1.0
1981-05-03,1.0,1.0,1.0,1.0
1981-05-10,1.0,1.0,1.0,1.0
1981-05-17,1.0,1.0,1.0,1.0
1981-05-24,1.0,1.0,1.0,1.0
1981-05-31,1.0,1.0,1.0,1.0
1981-06-07,1.0,1.0,1.0,1.0
1981-06-14,1.0,1.0,1.0,1.0
1981-06-21,1.0,1.0,1.0,1.0
1981-06-28,1.0,1.0,1.0,1.0
1981-07-05,1.0,1.0,1.0,1.0
1981-07-12,1.0,1.0,1.0,1.0
1981-07-19,1.0,1.0,1.0,1.0
1981-07-26,1.0,1.0,1.0,1.0
1981-08-02,1.0,1.0,1.0,1.0
1981-08-09,1.0,1.0,1.0,1.0
1981-08-16,1.0,1.0,1.0,1.0
1981-08-23,1.0,1.0,1.0,1.0
1981-08-30,1.0,1.0,1.0,1.0
1981-09-06,1.0,1.0,1.0,1.0
1981-09-13,1.0,1.0,1.0,1.0
1981-09-20,1.0,1.0,1.0,1.0
1981-09-27,1.0,1.0,1.0,1.0
1981-10-04,1.0,1.0,1.0,1.0
1981-10-11,1.0,1.0,1.0,1.0
1981-10-18,1.0,1.0,1.0,1.0
1981-10-25,1.0,1.0,1.0,1.0
1981-11-01,1.0,1.0,1.0,1.0
1981-11-08,1.0,1.0,1.0,1.0
1981-11-15,1.0,1.0,1.0,1.0
1981-11-22,1.0,1.0,1.0,1.0
1981-11-29,1.0,1.0,1.0,1.0
1981-12-06,1.0,1.0,1.0,1.0
1981-12-13,1.0,1.0,1.0,1.0
1981-12-20,1.0,1.0,1.0,1.0
1981-12-27,1.0,1.0,1.0,1.0
1982-01-03,1.0,1.0,1.0,1.0
1982-01-10,1.0,1.0,1.0,1.0
1982-01-17,1.0,1.0,1.0,1.0
1982-01-24,1.0,1.0,1.0,1.0
1982-01-31,1.0,1.0,1.0,1.0
1982-02-07,1.0,1.0,1.0,1.0
1982-02-14,1.0,1.0,1.0,1.0
1982-02-21,1.0,1.0,1.0,1.0
1982-02-28,1.0,1.0,1.0,1.0
1982-03-07,1.0,1.0,1.0,1.0
1982-03-14,1.0,1.0,1.0,1.0
1982-03-21,1.0,1.0,1.0,1.0
1982-03-28,1.0,1.0,1.0,1.0
1982-04-04,1.0,1.0,1.0,1.0
1982-04-11,1.0,1.0,1.0,1.0
1982-04-18,1.0,1.0,1.0,1.0
1982-04-25,1.0,1.0,1.0,1.0
1982-05-02,1.0,1.0,1.0,1.0
1982-05-09,1.0,1.0,1.0,1.0
1982-05-16,1.0,1.0,1.0,1.0
1982-05-23,1.0,1.0,1.0,1.0
1982-05-30,1.0,1.0,1.0,1.0
1982-06-06,1.0,1.0,1.0,1.0
1982-06-13,1.0,1.0,1.0,1.0
1982-06-20,1.0,1.0,1.0,1.0
1982-06-27,1.0,1.0,1.0,1.0
1982-07-04,1.0,1.0,1.0,1.0
1982-07-11,1.0,1.0,1.0,1.0
1982-07-18,1.0,1.0,1.0,1.0
1982-07-25,1.0,1.0,1.0,1.0
1982-08-01,1.0,1.0,1.0,1.0
1982-08-08,1.0,1.0,1.0,1.0
1982-08-15,1.0,1.0,1.0,1.0
1982-08-22,1.0,1.0,1.0,1.0
1982-08-29,1.0,1.0,1.0,1.0
1982-09-05,1.0,1.0,1.0,1.0
1982-09-12,1.0,1.0,1.0,1.0
1982-09-19,1.0,1.0,1.0,1.0
1982-09-26,1.0,1.0,1.0,1.0
1982-10-03,1.0,1.0,1.0,1.0
1982-10-10,1.0,1.0,1.0,1.0
1982-10-17,1.0,1.0,1.0,1.0
1982-10-24,1.0,1.0,1.0,1.0
1982-10-31,1.0,1.0,1.0,1.0
1982-11-07,1.0,1.0,1.0,1.0
1982-11-14,1.0,1.0,1.0,1.0
1982-11-21,1.0,1.0,1.0,1.0
1982-11-28,1.0,1.0,1.0,1.0
1982-12-05,1.0,1.0,1.0,1.0
1982-12-12,1.0,1.0,1.0,1.0
1982-12-19,1.0,1.0,1.0,1.0
1982-12-26,1.0,1.0,1.0,1.0
1983-01-02,1.0,1.0,1.0,1.0
1983-01-09,1.0,1.0,1.0,1.0
1983-01-16,1.0,1.0,1.0,1.0
1983-01-23,1.0,1.0,1.0,1.0
1983-01-30,1.0,1.0,1.0,1.0
1983-02-06,1.0,1.0,1.0,1.0
1983-02-13,1.0,1.0,1.0,1.0
1983-02-20,1.0,1.0,1.0,1.0
1983-02-27,1.0,1.0,1.0,1.0
1983-03-06,1.0,1.0,1.0,1.0
1983-03-13,1.0,1.0,1.0,1.0
1983-03-20,1.0,1.0,1.0,1.0
1983-03-27,1.0,1.0,1.0,1.0
1983-04-03,1.0,1.0,1.0,1.0
1983-04-10,1.0,1.0,1.0,1.0
1983-04-17,1.0,1.0,1.0,1.0
1983-04-24,1.0,1.0,1.0,1.0
1983-05-01,1.0,1.0,1.0,1.0
1983-05-08,1.0,1.0,1.0,1.0
1983-05-15,1.0,1.0,1.0,1.0
1983-05-22,1.0,1.0,1.0,1.0
1983-05-29,1.0,1.0,1.0,1.0
1983-06-05,1.0,1.0,1.0,1.0
1983-06-12,1.0,1.0,1.0,1.0
1983-06-19,1.0,1.0,1.0,1.0
1983-06-26,1.0,1.0,1.0,1.0
1983-07-03,1.0,1.0,1.0,1.0
1983-07-10,1.0,1.0,1.0,1.0
1983-07-17,1.0,1.0,1.0,1.0
1983-07-24,1.0,1.0,1.0,1.0
1983-07-31,1.0,1.0,1.0,1.0
1983-08-07,1.0,1.0,1.0,1.0
1983-08-14,1.0,1.0,1.0,1.0
1983-08-21,1.0,1.0,1.0,1.0
1983-08-28,1.0,1.0,1.0,1.0
1983-09-04,1.0,1.0,1.0,1.0
1983-09-11,1.0,1.0,1.0,1.0
1983-09-18,1.0,1.0,1.0,1.0
1983-09-25,1.0,1.0,1.0,1.0
1983-10-02,1.0,1.0,1.0,1.0
1983-10-09,1.0,1.0,1.0,1.0
1983-10-16,1.0,1.0,1.0,1.0
1983-10-23,1.0,1.0,1.0,1.0
1983-10-30,1.0,1.0,1.0,1.0
1983-11-06,1.0,1.0,1.0,1.0
1983-11-13,1.0,1.0,1.0,1.0
1983-11-20,1.0,1.0,1.0,1.0
1983-11-27,1.0,1.0,1.0,1.0
1983-12-04,1.0,1.0,1.0,1.0
1983-12-11,1.0,1.0,1.0,1.0
1983-12-18,1.0,1.0,1.0,1.0
1983-12-25,1.0,1.0,1.0,1.0
1984-01-01,1.0,1.0,1.0,1.0
1984-01-08,1.0,1.0,1.0,1.0
1984-01-15,1.0,1.0,1.0,1.0
1984-01-22,1.0,1.0,1.0,1.0
1984-01-29,1.0,1.0,1.0,1.0
1984-02-05,1.0,1.0,1.0,1.0
1984-02-12,1.0,1.0,1.0,1.0
1984-02-19,1.0,1.0,1.0,1.0
1984-02-26,1.0,1.0,1.0,1.0
1984-03-04,1.0,1.0,1.0,1.0
1984-03-11,1.0,1.0,1.0,1.0
1984-03-18,1.0,1.0,1.0,1.0
1984-03-25,1.0,1.0,1.0,1.0
1984-04-01,1.0,1.0,1.0,1.0
1984-04-08,1.0,1.0,1.0,1.0
1984-04-15,1.0,1.0,1.0,1.0
1984-04-22,1.0,1.0,1.0,1.0
1984-04-29,1.0,1.0,1.0,1.0
1984-05-06,1.0,1.0,1.0,1.0
1984-05-13,1.0,1.0,1.0,1.0
1984-05-20,1.0,1.0,1.0,1.0
1984-05-27,1.0,1.0,1.0,1.0
1984-06-03,1.0,1.0,1.0,1.0
1984-06-10,1.0,1.0,1.0,1.0
1984-06-17,1.0,1.0,1.0,1.0
1984-06-24,1.0,1.0,1.0,1.0
1984-07-01,1.0,1.0,1.0,1.0
1984-07-08,1.0,1.0,1.0,1.0
1984-07-15,1.0,1.0,1.0,1.0
1984-07-22,1.0,1.0,1.0,1.0
1984-07-29,1.0,1.0,1.0,1.0
1984-08-05,1.0,1.0,1.0,1.0
1984-08-12,1.0,1.0,1.0,1.0
1984-08-19,1.0,1.0,1.0,1.0
1984-08-26,1.0,1.0,1.0,1.0
1984-09-02,1.0,1.0,1.0,1.0
1984-09-09,1.0,1.0,1.0,1.0
1984-09-16,1.0,1.0,1.0,1.0
1984-09-23,1.0,1.0,1.0,1.0
1984-09-30,1.0,1.0,1.0,1.0
1984-10-07,1.0,1.0,1.0,1.0
1984-10-14,1.0,1.0,1.0,1.0
1984-10-21,1.0,1.0,1.0,1.0
1984-10-28,1.0,1.0,1.0,1.0
1984-11-04,1.0,1.0,1.0,1.0
1984-11-11,1.0,1.0,1.0,1.0
1984-11-18,1.0,1.0,1.0,1.0
1984-11-25,1.0,1.0,1.0,1.0
1984-12-02,1.0,1.0,1.0,1.0
1984-12-09,1.0,1.0,1.0,1.0
1984-12-16,1.0,1.0,1.0,1.0
1984-12-23,1.0,1.0,1.0,1.0
1984-12-30,1.0,1.0,1.0,1.0
1985-01-06,1.0,1.0,1.0,1.0
1985-01-13,1.0,1.0,1.0,1.0
1985-01-20,1.0,1.0,1.0,1.0
1985-01-27,1.0,1.0,1.0,1.0
1985-02-03,1.0,1.0,1.0,1.0
1985-02-10,1.0,1.0,1.0,1.0
1985-02-17,1.0,1.0,1.0,1.0
1985-02-24,1.0,1.0,1.0,1.0
1985-03-03,1.0,1.0,1.0,1.0
1985-03-10,1.0,1.0,1.0,1.0
1985-03-17,1.0,1.0,1.0,1.0
1985-03-24,1.0,1.0,1.0,1.0
1985-03-31,1.0,1.0,1.0,1.0
1985-04-07,1.0,1.0,1.0,1.0
1985-04-14,1.0,1.0,1.0,1.0
1985-04-21,1.0,1.0,1.0,1.0
1985-04-28,1.0,1.0,1.0,1.0
1985-05-05,1.0,1.0,1.0,1.0
1985-05-12,1.0,1.0,1.0,1.0
1985-05-19,1.0,1.0,1.0,1.0
1985-05-26,1.0,1.0,1.0,1.0
1985-06-02,1.0,1.0,1.0,1.0
1985-06-09,1.0,1.0,1.0,1.0
1985-06-16,1.0,1.0,1.0,1.0
1985-06-23,1.0,1.0,1.0,1.0
1985-06-30,1.0,1.0,1.0,1.0
1985-07-07,1.0,1.0,1.0,1.0
1985-07-14,1.0,1.0,1.0,1.0
1985-07-21,1.0,1.0,1.0,1.0
1985-07-28,1.0,1.0,1.0,1.0
1985-08-04,1.0,1.0,1.0,1.0
1985-08-11,1.0,1.0,1.0,1.0
1985-08-18,1.0,1.0,1.0,1.0
1985-08-25,1.0,1.0,1.0,1.0
1985-09-01,1.0,1.0,1.0,1.0
1985-09-08,1.0,1.0,1.0,1.0
1985-09-15,1.0,1.0,1.0,1.0
1985-09-22,1.0,1.0,1.0,1.0
1985-09-29,1.0,1.0,1.0,1.0
1985-10-06,1.0,1.0,1.0,1.0
1985-10-13,1.0,1.0,1.0,1.0
1985-10-20,1.0,1.0,1.0,1.0
1985-10-27,1.0,1.0,1.0,1.0
1985-11-03,1.0,1.0,1.0,1.0
1985-11-10,1.0,1.0,1.0,1.0
1985-11-17,1.0,1.0,1.0,1.0
1985-11-24,1.0,1.0,1.0,1.0
1985-12-01,1.0,1.0,1.0,1.0
1985-12-08,1.0,1.0,1.0,1.0
1985-12-15,1.0,1.0,1.0,1.0
1985-12-22,1.0,1.0,1.0,1.0
1985-12-29,1.0,1.0,1.0,1.0
1986-01-05,1.0,1.0,1.0,1.0
1986-01-12,1.0,1.0,1.0,1.0
1986-01-19,1.0,1.0,1.0,1.0
1986-01-26,1.0,1.0,1.0,1.0
1986-02-02,1.0,1.0,1.0,1.0
1986-02-09,1.0,1.0,1.0,1.0
1986-02-16,1.0,1.0,1.0,1.0
1986-02-23,1.0,1.0,1.0,1.0
1986-03-02,1.0,1.0,1.0,1.0
1986-03-09,1.0,1.0,1.0,1.0
1986-03-16,1.0,1.0,1.0,1.0
1986-03-23,1.0,1.0,1.0,1.0
1986-03-30,1.0,1.0,1.0,1.0
1986-04-06,1.0,1.0,1.0,1.0
1986-04-13,1.0,1.0,1.0,1.0
1986-04-20,1.0,1.0,1.0,1.0
1986-04-27,1.0,1.0,1.0,1.0
1986-05-04,1.0,1.0,1.0,1.0
1986-05-11,1.0,1.0,1.0,1.0
1986-05-18,1.0,1.0,1.0,1.0
1986-05-25,1.0,1.0,1.0,1.0
1986-06-01,1.0,1.0,1.0,1.0
1986-06-08,1.0,1.0,1.0,1.0
1986-06-15,1.0,1.0,1.0,1.0
1986-06-22,1.0,1.0,1.0,1.0
1986-06-29,1.0,1.0,1.0,1.0
1986-07-06,1.0,1.0,1.0,1.0
1986-07-13,1.0,1.0,1.0,1.0
1986-07-20,1.0,1.0,1.0,1.0
1986-07-27,1.0,1.0,1.0,1.0
1986-08-03,1.0,1.0,1.0,1.0
1986-08-10,1.0,1.0,1.0,1.0
1986-08-17,1.0,1.0,1.0,1.0
1986-08-24,1.0,1.0,1.0,1.0
1986-08-31,1.0,1.0,1.0,1.0
1986-09-07,1.0,1.0,1.0,1.0
1986-09-14,1.0,1.0,1.0,1.0
1986-09-21,1.0,1.0,1.0,1.0
1986-09-28,1.0,1.0,1.0,1.0
1986-10-05,1.0,1.0,1.0,1.0
1986-10-12,1.0,1.0,1.0,1.0
1986-10-19,1.0,1.0,1.0,1.0
1986-10-26,1.0,1.0,1.0,1.0
1986-11-02,1.0,1.0,1.0,1.0
1986-11-09,1.0,1.0,1.0,1.0
1986-11-16,1.0,1.0,1.0,1.0
1986-11-23,1.0,1.0,1.0,1.0
1986-11-30,1.0,1.0,1.0,1.0
1986-12-07,1.0,1.0,1.0,1.0
1986-12-14,1.0,1.0,1.0,1.0
1986-12-21,1.0,1.0,1.0,1.0
1986-12-28,1.0,1.0,1.0,1.0
1987-01-04,1.0,1.0,1.0,1.0
1987-01-11,1.0,1.0,1.0,1.0
1987-01-18,1.0,1.0,1.0,1.0
1987-01-25,1.0,1.0,1.0,1.0
1987-02-01,1.0,1.0,1.0,1.0
1987-02-08,1.0,1.0,1.0,1.0
1987-02-15,1.0,1.0,1.0,1.0
1987-02-22,1.0,1.0,1.0,1.0
1987-03-01,1.0,1.0,1.0,1.0
1987-03-08,1.0,1.0,1.0,1.0
1987-03-15,1.0,1.0,1.0,1.0
1987-03-22,1.0,1.0,1.0,1.0
1987-03-29,1.0,1.0,1.0,1.0
1987-04-05,1.0,1.0,1.0,1.0
1987-04-12,1.0,1.0,1.0,1.0
1987-04-19,1.0,1.0,1.0,1.0
1987-04-26,1.0,1.0,1.0,1.0
1987-05-03,1.0,1.0,1.0,1.0
1987-05-10,1.0,1.0,1.0,1.0
1987-05-17,1.0,1.0,1.0,1.0
1987-05-24,1.0,1.0,1.0,1.0
1987-05-31,1.0,1.0,1.0,1.0
1987-06-07,1.0,1.0,1.0,1.0
1987-06-14,1.0,1.0,1.0,1.0
1987-06-21,1.0,1.0,1.0,1.0
1987-06-28,1.0,1.0,1.0,1.0
1987-07-05,1.0,1.0,1.0,1.0
1987-07-12,1.0,1.0,1.0,1.0
1987-07-19,1.0,1.0,1.0,1.0
1987-07-26,1.0,1.0,1.0,1.0
1987-08-02,1.0,1.0,1.0,1.0
1987-08-09,1.0,1.0,1.0,1.0
1987-08-16,1.0,1.0,1.0,1.0
1987-08-23,1.0,1.0,1.0,1.0
1987-08-30,1.0,1.0,1.0,1.0
1987-09-06,1.0,1.0,1.0,1.0
1987-09-13,1.0,1.0,1.0,1.0
1987-09-20,1.0,1.0,1.0,1.0
1987-09-27,1.0,1.0,1.0,1.0
1987-10-04,1.0,1.0,1.0,1.0
1987-10-11,1.0,1.0,1.0,1.0
1987-10-18,1.0,1.0,1.0,1.0
1987-10-25,1.0,1.0,1.0,1.0
1987-11-01,1.0,1.0,1.0,1.0
1987-11-08,1.0,1.0,1.0,1.0
1987-11-15,1.0,1.0,1.0,1.0
1987-11-22,1.0,1.0,1.0,1.0
1987-11-29,1.0,1.0,1.0,1.0
1987-12-06,1.0,1.0,1.0,1.0
1987-12-13,1.0,1.0,1.0,1.0
1987-12-20,1.0,1.0,1.0,1.0
1987-12-27,1.0,1.0,1.0,1.0
1988-01-03,1.0,1.0,1.0,1.0
1988-01-10,1.0,1.0,1.0,1.0
1988-01-17,1.0,1.0,1.0,1.0
1988-01-24,1.0,1.0,1.0,1.0
1988-01-31,1.0,1.0,1.0,1.0
1988-02-07,1.0,1.0,1.0,1.0
1988-02-14,1.0,1.0,1.0,1.0
1988-02-21,1.0,1.0,1.0,1.0
1988-02-28,1.0,1.0,1.0,1.0
1988-03-06,1.0,1.0,1.0,1.0
1988-03-13,1.0,1.0,1.0,1.0
1988-03-20,1.0,1.0,1.0,1.0
1988-03-27,1.0,1.0,1.0,1.0
1988-04-03,1.0,1.0,1.0,1.0
1988-04-10,1.0,1.0,1.0,1.0
1988-04-17,1.0,1.0,1.0,1.0
1988-04-24,1.0,1.0,1.0,1.0
1988-05-01,1.0,1.0,1.0,1.0
1988-05-08,1.0,1.0,1.0,1.0
1988-05-15,1.0,1.0,1.0,1.0
1988-05-22,1.0,1.0,1.0,1.0
1988-05-29,1.0,1.0,1.0,1.0
1988-06-05,1.0,1.0,1.0,1.0
1988-06-12,1.0,1.0,1.0,1.0
1988-06-19,1.0,1.0,1.0,1.0
1988-06-26,1.0,1.0,1.0,1.0
1988-07-03,1.0,1.0,1.0,1.0
1988-07-10,1.0,1.0,1.0,1.0
1988-07-17,1.0,1.0,1.0,1.0
1988-07-24,1.0,1.0,1.0,1.0
1988-07-31,1.0,1.0,1.0,1.0
1988-08-07,1.0,1.0,1.0,1.0
1988-08-14,1.0,1.0,1.0,1.0
1988-08-21,1.0,1.0,1.0,1.0
1988-08-28,1.0,1.0,1.0,1.0
1988-09-04,1.0,1.0,1.0,1.0
1988-09-11,1.0,1.0,1.0,1.0
1988-09-18,1.0,1.0,1.0,1.0
1988-09-25,1.0,1.0,1.0,1.0
1988-10-02,1.0,1.0,1.0,1.0
1988-10-09,1.0,1.0,1.0,1.0
1988-10-16,1.0,1.0,1.0,1.0
1988-10-23,1.0,1.0,1.0,1.0
1988-10-30,1.0,1.0,1.0,1.0
1988-11-06,1.0,1.0,1.0,1.0
1988-11-13,1.0,1.0,1.0,1.0
1988-11-20,1.0,1.0,1.0,1.0
1988-11-27,1.0,1.0,1.0,1.0
1988-12-04,1.0,1.0,1.0,1.0
1988-12-11,1.0,1.0,1.0,1.0
1988-12-18,1.0,1.0,1.0,1.0
1988-12-25,1.0,1.0,1.0,1.0
1989-01-01,1.0,1.0,1.0,1.0
1989-01-08,1.0,1.0,1.0,1.0
1989-01-15,1.0,1.0,1.0,1.0
1989-01-22,1.0,1.0,1.0,1.0
1989-01-29,1.0,1.0,1.0,1.0
1989-02-05,1.0,1.0,1.0,1.0
1989-02-12,1.0,1.0,1.0,1.0
1989-02-19,1.0,1.0,1.0,1.0
1989-02-26,1.0,1.0,1.0,1.0
1989-03-05,1.0,1.0,1.0,1.0
1989-03-12,1.0,1.0,1.0,1.0
1989-03-19,1.0,1.0,1.0,1.0
1989-03-26,1.0,1.0,1.0,1.0
1989-04-02,1.0,1.0,1.0,1.0
1989-04-09,1.0,1.0,1.0,1.0
1989-04-16,1.0,1.0,1.0,1.0
1989-04-23,1.0,1.0,1.0,1.0
1989-04-30,1.0,1.0,1.0,1.0
1989-05-07,1.0,1.0,1.0,1.0
1989-05-14,1.0,1.0,1.0,1.0
1989-05-21,1.0,1.0,1.0,1.0
1989-05-28,1.0,1.0,1.0,1.0
1989-06-04,1.0,1.0,1.0,1.0
1989-06-11,1.0,1.0,1.0,1.0
1989-06-18,1.0,1.0,1.0,1.0
1989-06-25,1.0,1.0,1.0,1.0
1989-07-02,1.0,1.0,1.0,1.0
1989-07-09,1.0,1.0,1.0,1.0
1989-07-16,1.0,1.0,1.0,1.0
1989-07-23,1.0,1.0,1.0,1.0
1989-07-30,1.0,1.0,1.0,1.0
1989-08-06,1.0,1.0,1.0,1.0
1989-08-13,1.0,1.0,1.0,1.0
1989-08-20,1.0,1.0,1.0,1.0
1989-08-27,1.0,1.0,1.0,1.0
1989-09-03,1.0,1.0,1.0,1.0
1989-09-10,1.0,1.0,1.0,1.0
1989-09-17,1.0,1.0,1.0,1.0
1989-09-24,1.0,1.0,1.0,1.0
1989-10-01,1.0,1.0,1.0,1.0
1989-10-08,1.0,1.0,1.0,1.0
1989-10-15,1.0,1.0,1.0,1.0
1989-10-22,1.0,1.0,1.0,1.0
1989-10-29,1.0,1.0,1.0,1.0
1989-11-05,1.0,1.0,1.0,1.0
1989-11-12,1.0,1.0,1.0,1.0
1989-11-19,1.0,1.0,1.0,1.0
1989-11-26,1.0,1.0,1.0,1.0
1989-12-03,1.0,1.0,1.0,1.0
1989-12-10,1.0,1.0,1.0,1.0
1989-12-17,1.0,1.0,1.0,1.0
1989-12-24,1.0,1.0,1.0,1.0
1989-12-31,1.0,1.0,1.0,1.0
1990-01-07,1.0,1.0,1.0,1.0
1990-01-14,1.0,1.0,1.0,1.0
1990-01-21,1.0,1.0,1.0,1.0
1990-01-28,1.0,1.0,1.0,1.0
1990-02-04,1.0,1.0,1.0,1.0
1990-02-11,1.0,1.0,1.0,1.0
1990-02-18,1.0,1.0,1.0,1.0
1990-02-25,1.0,1.0,1.0,1.0
1990-03-04,1.0,1.0,1.0,1.0
1990-03-11,1.0,1.0,1.0,1.0
1990-03-18,1.0,1.0,1.0,1.0
1990-03-25,1.0,1.0,1.0,1.0
1990-04-01,1.0,1.0,1.0,1.0
1990-04-08,1.0,1.0,1.0,1.0
1990-04-15,1.0,1.0,1.0,1.0
1990-04-22,1.0,1.0,1.0,1.0
1990-04-29,1.0,1.0,1.0,1.0
1990-05-06,1.0,1.0,1.0,1.0
1990-05-13,1.0,1.0,1.0,1.0
1990-05-20,1.0,1.0,1.0,1.0
1990-05-27,1.0,1.0,1.0,1.0
1990-06-03,1.0,1.0,1.0,1.0
1990-06-10,1.0,1.0,1.0,1.0
1990-06-17,1.0,1.0,1.0,1.0
1990-06-24,1.0,1.0,1.0,1.0
1990-07-01,1.0,1.0,1.0,1.0
1990-07-08,1.0,1.0,1.0,1.0
1990-07-15,1.0,1.0,1.0,1.0
1990-07-22,1.0,1.0,1.0,1.0
1990-07-29,1.0,1.0,1.0,1.0
1990-08-05,1.0,1.0,1.0,1.0
1990-08-12,1.0,1.0,1.0,1.0
1990-08-19,1.0,1.0,1.0,1.0
1990-08-26,1.0,1.0,1.0,1.0
1990-09-02,1.0,1.0,1.0,1.0
1990-09-09,1.0,1.0,1.0,1.0
1990-09-16,1.0,1.0,1.0,1.0
1990-09-23,1.0,1.0,1.0,1.0
1990-09-30,1.0,1.0,1.0,1.0
1990-10-07,1.0,1.0,1.0,1.0
1990-10-14,1.0,1.0,1.0,1.0
1990-10-21,1.0,1.0,1.0,1.0
1990-10-28,1.0,1.0,1.0,1.0
1990-11-04,1.0,1.0,1.0,1.0
1990-11-11,1.0,1.0,1.0,1.0
1990-11-18,1.0,1.0,1.0,1.0
1990-11-25,1.0,1.0,1.0,1.0
1990-12-02,1.0,1.0,1.0,1.0
1990-12-09,1.0,1.0,1.0,1.0
1990-12-16,1.0,1.0,1.0,1.0
1990-12-23,1.0,1.0,1.0,1.0
1990-12-30,1.0,1.0,1.0,1.0
1991-01-06,1.0,1.0,1.0,1.0
1991-01-13,1.0,1.0,1.0,1.0
1991-01-20,1.0,1.0,1.0,1.0
1991-01-27,1.0,1.0,1.0,1.0
1991-02-03,1.0,1.0,1.0,1.0
1991-02-10,1.0,1.0,1.0,1.0
1991-02-17,1.0,1.0,1.0,1.0
1991-02-24,1.0,1.0,1.0,1.0
1991-03-03,1.0,1.0,1.0,1.0
1991-03-10,1.0,1.0,1.0,1.0
1991-03-17,1.0,1.0,1.0,1.0
1991-03-24,1.0,1.0,1.0,1.0
1991-03-31,1.0,1.0,1.0,1.0
1991-04-07,1.0,1.0,1.0,1.0
1991-04-14,1.0,1.0,1.0,1.0
1991-04-21,1.0,1.0,1.0,1.0
1991-04-28,1.0,1.0,1.0,1.0
1991-05-05,1.0,1.0,1.0,1.0
1991-05-12,1.0,1.0,1.0,1.0
1991-05-19,1.0,1.0,1.0,1.0
1991-05-26,1.0,1.0,1.0,1.0
1991-06-02,1.0,1.0,1.0,1.0
1991-06-09,1.0,1.0,1.0,1.0
1991-06-16,1.0,1.0,1.0,1.0
1991-06-23,1.0,1.0,1.0,1.0
1991-06-30,1.0,1.0,1.0,1.0
1991-07-07,1.0,1.0,1.0,1.0
1991-07-14,1.0,1.0,1.0,1.0
1991-07-21,1.0,1.0,1.0,1.0
1991-07-28,1.0,1.0,1.0,1.0
1991-08-04,1.0,1.0,1.0,1.0
1991-08-11,1.0,1.0,1.0,1.0
1991-08-18,1.0,1.0,1.0,1.0
1991-08-25,1.0,1.0,1.0,1.0
1991-09-01,1.0,1.0,1.0,1.0
1991-09-08,1.0,1.0,1.0,1.0
1991-09-15,1.0,1.0,1.0,1.0
1991-09-22,1.0,1.0,1.0,1.0
1991-09-29,1.0,1.0,1.0,1.0
1991-10-06,1.0,1.0,1.0,1.0
1991-10-13,1.0,1.0,1.0,1.0
1991-10-20,1.0,1.0,1.0,1.0
1991-10-27,1.0,1.0,1.0,1.0
1991-11-03,1.0,1.0,1.0,1.0
1991-11-10,1.0,1.0,1.0,1.0
1991-11-17,1.0,1.0,1.0,1.0
1991-11-24,1.0,1.0,1.0,1.0
1991-12-01,1.0,1.0,1.0,1.0
1991-12-08,1.0,1.0,1.0,1.0
1991-12-15,1.0,1.0,1.0,1.0
1991-12-22,1.0,1.0,1.0,1.0
1991-12-29,1.0,1.0,1.0,1.0
1992-01-05,1.0,1.0,1.0,1.0
1992-01-12,1.0,1.0,1.0,1.0
1992-01-19,1.0,1.0,1.0,1.0
1992-01-26,1.0,1.0,1.0,1.0
1992-02-02,1.0,1.0,1.0,1.0
1992-02-09,1.0,1.0,1.0,1.0
1992-02-16,1.0,1.0,1.0,1.0
1992-02-23,1.0,1.0,1.0,1.0
1992-03-01,1.0,1.0,1.0,1.0
1992-03-08,1.0,1.0,1.0,1.0
1992-03-15,1.0,1.0,1.0,1.0
1992-03-22,1.0,1.0,1.0,1.0
1992-03-29,1.0,1.0,1.0,1.0
1992-04-05,1.0,1.0,1.0,1.0
1992-04-12,1.0,1.0,1.0,1.0
1992-04-19,1.0,1.0,1.0,1.0
1992-04-26,1.0,1.0,1.0,1.0
1992-05-03,1.0,1.0,1.0,1.0
1992-05-10,1.0,1.0,1.0,1.0
1992-05-17,1.0,1.0,1.0,1.0
1992-05-24,1.0,1.0,1.0,1.0
1992-05-31,1.0,1.0,1.0,1.0
1992-06-07,1.0,1.0,1.0,1.0
1992-06-14,1.0,1.0,1.0,1.0
1992-06-21,1.0,1.0,1.0,1.0
1992-06-28,1.0,1.0,1.0,1.0
1992-07-05,1.0,1.0,1.0,1.0
1992-07-12,1.0,1.0,1.0,1.0
1992-07-19,1.0,1.0,1.0,1.0
1992-07-26,1.0,1.0,1.0,1.0
1992-08-02,1.0,1.0,1.0,1.0
1992-08-09,1.0,1.0,1.0,1.0
1992-08-16,1.0,1.0,1.0,1.0
1992-08-23,1.0,1.0,1.0,1.0
1992-08-30,1.0,1.0,1.0,1.0
1992-09-06,1.0,1.0,1.0,1.0
1992-09-13,1.0,1.0,1.0,1.0
1992-09-20,1.0,1.0,1.0,1.0
1992-09-27,1.0,1.0,1.0,1.0
1992-10-04,1.0,1.0,1.0,1.0
1992-10-11,1.0,1.0,1.0,1.0
1992-10-18,1.0,1.0,1.0,1.0
1992-10-25,1.0,1.0,1.0,1.0
1992-11-01,1.0,1.0,1.0,1.0
1992-11-08,1.0,1.0,1.0,1.0
1992-11-15,1.0,1.0,1.0,1.0
1992-11-22,1.0,1.0,1.0,1.0
1992-11-29,1.0,1.0,1.0,1.0
1992-12-06,1.0,1.0,1.0,1.0
1992-12-13,1.0,1.0,1.0,1.0
1992-12-20,1.0,1.0,1.0,1.0
1992-12-27,1.0,1.0,1.0,1.0
1993-01-03,1.0,1.0,1.0,1.0
1993-01-10,1.0,1.0,1.0,1.0
1993-01-17,1.0,1.0,1.0,1.0
1993-01-24,1.0,1.0,1.0,1.0
1993-01-31,1.0,1.0,1.0,1.0
1993-02-07,1.0,1.0,1.0,1.0
1993-02-14,1.0,1.0,1.0,1.0
1993-02-21,1.0,1.0,1.0,1.0
1993-02-28,1.0,1.0,1.0,1.0
1993-03-07,1.0,1.0,1.0,1.0
1993-03-14,1.0,1.0,1.0,1.0
1993-03-21,1.0,1.0,1.0,1.0
1993-03-28,1.0,1.0,1.0,1.0
1993-04-04,1.0,1.0,1.0,1.0
1993-04-11,1.0,1.0,1.0,1.0
1993-04-18,1.0,1.0,1.0,1.0
1993-04-25,1.0,1.0,1.0,1.0
1993-05-02,1.0,1.0,1.0,1.0
1993-05-09,1.0,1.0,1.0,1.0
1993-05-16,1.0,1.0,1.0,1.0
1993-05-23,1.0,1.0,1.0,1.0
1993-05-30,1.0,1.0,1.0,1.0
1993-06-06,1.0,1.0,1.0,1.0
1993-06-13,1.0,1.0,1.0,1.0
1993-06-20,1.0,1.0,1.0,1.0
1993-06-27,1.0,1.0,1.0,1.0
1993-07-04,1.0,1.0,1.0,1.0
1993-07-11,1.0,1.0,1.0,1.0
1993-07-18,1.0,1.0,1.0,1.0
1993-07-25,1.0,1.0,1.0,1.0
1993-08-01,1.0,1.0,1.0,1.0
1993-08-08,1.0,1.0,1.0,1.0
1993-08-15,1.0,1.0,1.0,1.0
1993-08-22,1.0,1.0,1.0,1.0
1993-08-29,1.0,1.0,1.0,1.0
1993-09-05,1.0,1.0,1.0,1.0
1993-09-12,1.0,1.0,1.0,1.0
1993-09-19,1.0,1.0,1.0,1.0
1993-09-26,1.0,1.0,1.0,1.0
1993-10-03,1.0,1.0,1.0,1.0
1993-10-10,1.0,1.0,1.0,1.0
1993-10-17,1.0,1.0,1.0,1.0
1993-10-24,1.0,1.0,1.0,1.0
1993-10-31,1.0,1.0,1.0,1.0
1993-11-07,1.0,1.0,1.0,1.0
1993-11-14,1.0,1.0,1.0,1.0
1993-11-21,1.0,1.0,1.0,1.0
1993-11-28,1.0,1.0,1.0,1.0
1993-12-05,1.0,1.0,1.0,1.0
1993-12-12,1.0,1.0,1.0,1.0
1993-12-19,1.0,1.0,1.0,1.0
1993-12-26,1.0,1.0,1.0,1.0
1994-01-02,1.0,1.0,1.0,1.0
1994-01-09,1.0,1.0,1.0,1.0
1994-01-16,1.0,1.0,1.0,1.0
1994-01-23,1.0,1.0,1.0,1.0
1994-01-30,1.0,1.0,1.0,1.0
1994-02-06,1.0,1.0,1.0,1.0
1994-02-13,1.0,1.0,1.0,1.0
1994-02-20,1.0,1.0,1.0,1.0
1994-02-27,1.0,1.0,1.0,1.0
1994-03-06,1.0,1.0,1.0,1.0
1994-03-13,1.0,1.0,1.0,1.0
1994-03-20,1.0,1.0,1.0,1.0
1994-03-27,1.0,1.0,1.0,1.0
1994-04-03,1.0,1.0,1.0,1.0
1994-04-10,1.0,1.0,1.0,1.0
1994-04-17,1.0,1.0,1.0,1.0
1994-04-24,1.0,1.0,1.0,1.0
1994-05-01,1.0,1.0,1.0,1.0
1994-05-08,1.0,1.0,1.0,1.0
1994-05-15,1.0,1.0,1.0,1.0
1994-05-22,1.0,1.0,1.0,1.0
1994-05-29,1.0,1.0,1.0,1.0
1994-06-05,1.0,1.0,1.0,1.0
1994-06-12,1.0,1.0,1.0,1.0
1994-06-19,1.0,1.0,1.0,1.0
1994-06-26,1.0,1.0,1.0,1.0
1994-07-03,1.0,1.0,1.0,1.0
1994-07-10,1.0,1.0,1.0,1.0
1994-07-17,1.0,1.0,1.0,1.0
1994-07-24,1.0,1.0,1.0,1.0
1994-07-31,1.0,1.0,1.0,1.0
1994-08-07,1.0,1.0,1.0,1.0
1994-08-14,1.0,1.0,1.0,1.0
1994-08-21,1.0,1.0,1.0,1.0
1994-08-28,1.0,1.0,1.0,1.0
1994-09-04,1.0,1.0,1.0,1.0
1994-09-11,1.0,1.0,1.0,1.0
1994-09-18,1.0,1.0,1.0,1.0
1994-09-25,1.0,1.0,1.0,1.0
1994-10-02,1.0,1.0,1.0,1.0
1994-10-09,1.0,1.0,1.0,1.0
1994-10-16,1.0,1.0,1.0,1.0
1994-10-23,1.0,1.0,1.0,1.0
1994-10-30,1.0,1.0,1.0,1.0
1994-11-06,1.0,1.0,1.0,1.0
1994-11-13,1.0,1.0,1.0,1.0
1994-11-20,1.0,1.0,1.0,1.0
1994-11-27,1.0,1.0,1.0,1.0
1994-12-04,1.0,1.0,1.0,1.0
1994-12-11,1.0,1.0,1.0,1.0
1994-12-18,1.0,1.0,1.0,1.0
1994-12-25,1.0,1.0,1.0,1.0
1995-01-01,1.0,1.0,1.0,1.0
1995-01-08,1.0,1.0,1.0,1.0
1995-01-15,1.0,1.0,1.0,1.0
1995-01-22,1.0,1.0,1.0,1.0
1995-01-29,1.0,1.0,1.0,1.0
1995-02-05,1.0,1.0,1.0,1.0
1995-02-12,1.0,1.0,1.0,1.0
1995-02-19,1.0,1.0,1.0,1.0
1995-02-26,1.0,1.0,1.0,1.0
1995-03-05,1.0,1.0,1.0,1.0
1995-03-12,1.0,1.0,1.0,1.0
1995-03-19,1.0,1.0,1.0,1.0
1995-03-26,1.0,1.0,1.0,1.0
1995-04-02,1.0,1.0,1.0,1.0
1995-04-09,1.0,1.0,1.0,1.0
1995-04-16,1.0,1.0,1.0,1.0
1995-04-23,1.0,1.0,1.0,1.0
1995-04-30,1.0,1.0,1.0,1.0
1995-05-07,1.0,1.0,1.0,1.0
1995-05-14,1.0,1.0,1.0,1.0
1995-05-21,1.0,1.0,1.0,1.0
1995-05-28,1.0,1.0,1.0,1.0
1995-06-04,1.0,1.0,1.0,1.0
1995-06-11,1.0,1.0,1.0,1.0
1995-06-18,1.0,1.0,1.0,1.0
1995-06-25,1.0,1.0,1.0,1.0
1995-07-02,1.0,1.0,1.0,1.0
1995-07-09,1.0,1.0,1.0,1.0
1995-07-16,1.0,1.0,1.0,1.0
1995-07-23,1.0,1.0,1.0,1.0
1995-07-30,1.0,1.0,1.0,1.0
1995-08-06,1.0,1.0,1.0,1.0
1995-08-13,1.0,1.0,1.0,1.0
1995-08-20,1.0,1.0,1.0,1.0
1995-08-27,1.0,1.0,1.0,1.0
1995-09-03,1.0,1.0,1.0,1.0
1995-09-10,1.0,1.0,1.0,1.0
1995-09-17,1.0,1.0,1.0,1.0
1995-09-24,1.0,1.0,1.0,1.0
1995-10-01,1.0,1.0,1.0,1.0
1995-10-08,1.0,1.0,1.0,1.0
1995-10-15,1.0,1.0,1.0,1.0
1995-10-22,1.0,1.0,1.0,1.0
1995-10-29,1.0,1.0,1.0,1.0
1995-11-05,1.0,1.0,1.0,1.0
1995-11-12,1.0,1.0,1.0,1.0
1995-11-19,1.0,1.0,1.0,1.0
1995-11-26,1.0,1.0,1.0,1.0
1995-12-03,1.0,1.0,1.0,1.0
1995-12-10,1.0,1.0,1.0,1.0
1995-12-17,1.0,1.0,1.0,1.0
1995-12-24,1.0,1.0,1.0,1.0
1995-12-31,1.0,1.0,1.0,1.0
1996-01-07,1.0,1.0,1.0,1.0
1996-01-14,1.0,1.0,1.0,1.0
1996-01-21,1.0,1.0,1.0,1.0
1996-01-28,1.0,1.0,1.0,1.0
1996-02-04,1.0,1.0,1.0,1.0
1996-02-11,1.0,1.0,1.0,1.0
1996-02-18,1.0,1.0,1.0,1.0
1996-02-25,1.0,1.0,1.0,1.0
1996-03-03,1.0,1.0,1.0,1.0
1996-03-10,1.0,1.0,1.0,1.0
1996-03-17,1.0,1.0,1.0,1.0
1996-03-24,1.0,1.0,1.0,1.0
1996-03-31,1.0,1.0,1.0,1.0
1996-04-07,1.0,1.0,1.0,1.0
1996-04-14,1.0,1.0,1.0,1.0
1996-04-21,1.0,1.0,1.0,1.0
1996-04-28,1.0,1.0,1.0,1.0
1996-05-05,1.0,1.0,1.0,1.0
1996-05-12,1.0,1.0,1.0,1.0
1996-05-19,1.0,1.0,1.0,1.0
1996-05-26,1.0,1.0,1.0,1.0
1996-06-02,1.0,1.0,1.0,1.0
1996-06-09,1.0,1.0,1.0,1.0
1996-06-16,1.0,1.0,1.0,1.0
1996-06-23,1.0,1.0,1.0,1.0
1996-06-30,1.0,1.0,1.0,1.0
1996-07-07,1.0,1.0,1.0,1.0
1996-07-14,1.0,1.0,1.0,1.0
1996-07-21,1.0,1.0,1.0,1.0
1996-07-28,1.0,1.0,1.0,1.0
1996-08-04,1.0,1.0,1.0,1.0
1996-08-11,1.0,1.0,1.0,1.0
1996-08-18,1.0,1.0,1.0,1.0
1996-08-25,1.0,1.0,1.0,1.0
1996-09-01,1.0,1.0,1.0,1.0
1996-09-08,1.0,1.0,1.0,1.0
1996-09-15,1.0,1.0,1.0,1.0
1996-09-22,1.0,1.0,1.0,1.0
1996-09-29,1.0,1.0,1.0,1.0
1996-10-06,1.0,1.0,1.0,1.0
1996-10-13,1.0,1.0,1.0,1.0
1996-10-20,1.0,1.0,1.0,1.0
1996-10-27,1.0,1.0,1.0,1.0
1996-11-03,1.0,1.0,1.0,1.0
1996-11-10,1.0,1.0,1.0,1.0
1996-11-17,1.0,1.0,1.0,1.0
1996-11-24,1.0,1.0,1.0,1.0
1996-12-01,1.0,1.0,1.0,1.0
1996-12-08,1.0,1.0,1.0,1.0
1996-12-15,1.0,1.0,1.0,1.0
1996-12-22,1.0,1.0,1.0,1.0
1996-12-29,1.0,1.0,1.0,1.0
1997-01-05,1.0,1.0,1.0,1.0
1997-01-12,1.0,1.0,1.0,1.0
1997-01-19,1.0,1.0,1.0,1.0
1997-01-26,1.0,1.0,1.0,1.0
1997-02-02,1.0,1.0,1.0,1.0
1997-02-09,1.0,1.0,1.0,1.0
1997-02-16,1.0,1.0,1.0,1.0
1997-02-23,1.0,1.0,1.0,1.0
1997-03-02,1.0,1.0,1.0,1.0
1997-03-09,1.0,1.0,1.0,1.0
1997-03-16,1.0,1.0,1.0,1.0
1997-03-23,1.0,1.0,1.0,1.0
1997-03-30,1.0,1.0,1.0,1.0
1997-04-06,1.0,1.0,1.0,1.0
1997-04-13,1.0,1.0,1.0,1.0
1997-04-20,1.0,1.0,1.0,1.0
1997-04-27,1.0,1.0,1.0,1.0
1997-05-04,1.0,1.0,1.0,1.0
1997-05-11,1.0,1.0,1.0,1.0
1997-05-18,1.0,1.0,1.0,1.0
1997-05-25,1.0,1.0,1.0,1.0
1997-06-01,1.0,1.0,1.0,1.0
1997-06-08,1.0,1.0,1.0,1.0
1997-06-15,1.0,1.0,1.0,1.0
1997-06-22,1.0,1.0,1.0,1.0
1997-06-29,1.0,1.0,1.0,1.0
1997-07-06,1.0,1.0,1.0,1.0
1997-07-13,1.0,1.0,1.0,1.0
1997-07-20,1.0,1.0,1.0,1.0
1997-07-27,1.0,1.0,1.0,1.0
1997-08-03,1.0,1.0,1.0,1.0
1997-08-10,1.0,1.0,1.0,1.0
1997-08-17,1.0,1.0,1.0,1.0
1997-08-24,1.0,1.0,1.0,1.0
1997-08-31,1.0,1.0,1.0,1.0
1997-09-07,1.0,1.0,1.0,1.0
1997-09-14,1.0,1.0,1.0,1.0
1997-09-21,1.0,1.0,1.0,1.0
1997-09-28,1.0,1.0,1.0,1.0
1997-10-05,1.0,1.0,1.0,1.0
1997-10-12,1.0,1.0,1.0,1.0
1997-10-19,1.0,1.0,1.0,1.0
1997-10-26,1.0,1.0,1.0,1.0
1997-11-02,1.0,1.0,1.0,1.0
1997-11-09,1.0,1.0,1.0,1.0
1997-11-16,1.0,1.0,1.0,1.0
1997-11-23,1.0,1.0,1.0,1.0
1997-11-30,1.0,1.0,1.0,1.0
1997-12-07,1.0,1.0,1.0,1.0
1997-12-14,1.0,1.0,1.0,1.0
1997-12-21,1.0,1.0,1.0,1.0
1997-12-28,1.0,1.0,1.0,1.0
1998-01-04,1.0,1.0,1.0,1.0
1998-01-11,1.0,1.0,1.0,1.0
1998-01-18,1.0,1.0,1.0,1.0
1998-01-25,1.0,1.0,1.0,1.0
1998-02-01,1.0,1.0,1.0,1.0
1998-02-08,1.0,1.0,1.0,1.0
1998-02-15,1.0,1.0,1.0,1.0
1998-02-22,1.0,1.0,1.0,1.0
1998-03-01,1.0,1.0,1.0,1.0
1998-03-08,1.0,1.0,1.0,1.0
1998-03-15,1.0,1.0,1.0,1.0
1998-03-22,1.0,1.0,1.0,1.0
1998-03-29,1.0,1.0,1.0,1.0
1998-04-05,1.0,1.0,1.0,1.0
1998-04-12,1.0,1.0,1.0,1.0
1998-04-19,1.0,1.0,1.0,1.0
1998-04-26,1.0,1.0,1.0,1.0
1998-05-03,1.0,1.0,1.0,1.0
1998-05-10,1.0,1.0,1.0,1.0
1998-05-17,1.0,1.0,1.0,1.0
1998-05-24,1.0,1.0,1.0,1.0
1998-05-31,1.0,1.0,1.0,1.0
1998-06-07,1.0,1.0,1.0,1.0
1998-06-14,1.0,1.0,1.0,1.0
1998-06-21,1.0,1.0,1.0,1.0
1998-06-28,1.0,1.0,1.0,1.0
1998-07-05,1.0,1.0,1.0,1.0
1998-07-12,1.0,1.0,1.0,1.0
1998-07-19,1.0,1.0,1.0,1.0
1998-07-26,1.0,1.0,1.0,1.0
1998-08-02,1.0,1.0,1.0,1.0
1998-08-09,1.0,1.0,1.0,1.0
1998-08-16,1.0,1.0,1.0,1.0
1998-08-23,1.0,1.0,1.0,1.0
1998-08-30,1.0,1.0,1.0,1.0
1998-09-06,1.0,1.0,1.0,1.0
1998-09-13,1.0,1.0,1.0,1.0
1998-09-20,1.0,1.0,1.0,1.0
1998-09-27,1.0,1.0,1.0,1.0
1998-10-04,1.0,1.0,1.0,1.0
1998-10-11,1.0,1.0,1.0,1.0
1998-10-18,1.0,1.0,1.0,1.0
1998-10-25,1.0,1.0,1.0,1.0
1998-11-01,1.0,1.0,1.0,1.0
1998-11-08,1.0,1.0,1.0,1.0
1998-11-15,1.0,1.0,1.0,1.0
1998-11-22,1.0,1.0,1.0,1.0
1998-11-29,1.0,1.0,1.0,1.0
1998-12-06,1.0,1.0,1.0,1.0
1998-12-13,1.0,1.0,1.0,1.0
1998-12-20,1.0,1.0,1.0,1.0
1998-12-27,1.0,1.0,1.0,1.0
1999-01-03,1.0,1.0,1.0,1.0
1999-01-10,1.0,1.0,1.0,1.0
1999-01-17,1.0,1.0,1.0,1.0
1999-01-24,1.0,1.0,1.0,1.0
1999-01-31,1.0,1.0,1.0,1.0
1999-02-07,1.0,1.0,1.0,1.0
1999-02-14,1.0,1.0,1.0,1.0
1999-02-21,1.0,1.0,1.0,1.0
1999-02-28,1.0,1.0,1.0,1.0
1999-03-07,1.0,1.0,1.0,1.0
1999-03-14,1.0,1.0,1.0,1.0
1999-03-21,1.0,1.0,1.0,1.0
1999-03-28,1.0,1.0,1.0,1.0
1999-04-04,1.0,1.0,1.0,1.0
1999-04-11,1.0,1.0,1.0,1.0
1999-04-18,1.0,1.0,1.0,1.0
1999-04-25,1.0,1.0,1.0,1.0
1999-05-02,1.0,1.0,1.0,1.0
1999-05-09,1.0,1.0,1.0,1.0
1999-05-16,1.0,1.0,1.0,1.0
1999-05-23,1.0,1.0,1.0,1.0
1999-05-30,1.0,1.0,1.0,1.0
1999-06-06,1.0,1.0,1.0,1.0
1999-06-13,1.0,1.0,1.0,1.0
1999-06-20,1.0,1.0,1.0,1.0
1999-06-27,1.0,1.0,1.0,1.0
1999-07-04,1.0,1.0,1.0,1.0
1999-07-11,1.0,1.0,1.0,1.0
1999-07-18,1.0,1.0,1.0,1.0
1999-07-25,1.0,1.0,1.0,1.0
1999-08-01,1.0,1.0,1.0,1.0
1999-08-08,1.0,1.0,1.0,1.0
1999-08-15,1.0,1.0,1.0,1.0
1999-08-22,1.0,1.0,1.0,1.0
1999-08-29,1.0,1.0,1.0,1.0
1999-09-05,1.0,1.0,1.0,1.0
1999-09-12,1.0,1.0,1.0,1.0
1999-09-19,1.0,1.0,1.0,1.0
1999-09-26,1.0,1.0,1.0,1.0
1999-10-03,1.0,1.0,1.0,1.0
1999-10-10,1.0,1.0,1.0,1.0
1999-10-17,1.0,1.0,1.0,1.0
1999-10-24,1.0,1.0,1.0,1.0
1999-10-31,1.0,1.0,1.0,1.0
1999-11-07,1.0,1.0,1.0,1.0
1999-11-14,1.0,1.0,1.0,1.0
1999-11-21,1.0,1.0,1.0,1.0
1999-11-28,1.0,1.0,1.0,1.0
1999-12-05,1.0,1.0,1.0,1.0
1999-12-12,1.0,1.0,1.0,1.0
1999-12-19,1.0,1.0,1.0,1.0
1999-12-26,1.0,1.0,1.0,1.0
2000-01-02,1.0,1.0,1.0,1.0
2000-01-09,1.0,1.0,1.0,1.0
2000-01-16,1.0,1.0,1.0,1.0
2000-01-23,1.0,1.0,1.0,1.0
2000-01-30,1.0,1.0,1.0,1.0
2000-02-06,1.0,1.0,1.0,1.0
2000-02-13,1.0,1.0,1.0,1.0
2000-02-20,1.0,1.0,1.0,1.0
2000-02-27,1.0,1.0,1.0,1.0
2000-03-05,1.0,1.0,1.0,1.0
2000-03-12,1.0,1.0,1.0,1.0
2000-03-19,1.0,1.0,1.0,1.0
2000-03-26,1.0,1.0,1.0,1.0
2000-04-02,1.0,1.0,1.0,1.0
2000-04-09,1.0,1.0,1.0,1.0
2000-04-16,1.0,1.0,1.0,1.0
2000-04-23,1.0,1.0,1.0,1.0
2000-04-30,1.0,1.0,1.0,1.0
2000-05-07,1.0,1.0,1.0,1.0
2000-05-14,1.0,1.0,1.0,1.0
2000-05-21,1.0,1.0,1.0,1.0
2000-05-28,1.0,1.0,1.0,1.0
2000-06-04,1.0,1.0,1.0,1.0
2000-06-11,1.0,1.0,1.0,1.0
2000-06-18,1.0,1.0,1.0,1.0
2000-06-25,1.0,1.0,1.0,1.0
2000-07-02,1.0,1.0,1.0,1.0
2000-07-09,1.0,1.0,1.0,1.0
2000-07-16,1.0,1.0,1.0,1.0
2000-07-23,1.0,1.0,1.0,1.0
2000-07-30,1.0,1.0,1.0,1.0
2000-08-06,1.0,1.0,1.0,1.0
2000-08-13,1.0,1.0,1.0,1.0
2000-08-20,1.0,1.0,1.0,1.0
2000-08-27,1.0,1.0,1.0,1.0
2000-09-03,1.0,1.0,1.0,1.0
2000-09-10,1.0,1.0,1.0,1.0
2000-09-17,1.0,1.0,1.0,1.0
2000-09-24,1.0,1.0,1.0,1.0
2000-10-01,1.0,1.0,1.0,1.0
2000-10-08,1.0,1.0,1.0,1.0
2000-10-15,1.0,1.0,1.0,1.0
2000-10-22,1.0,1.0,1.0,1.0
2000-10-29,1.0,1.0,1.0,1.0
2000-11-05,1.0,1.0,1.0,1.0
2000-11-12,1.0,1.0,1.0,1.0
2000-11-19,1.0,1.0,1.0,1.0
2000-11-26,1.0,1.0,1.0,1.0
2000-12-03,1.0,1.0,1.0,1.0
2000-12-10,1.0,1.0,1.0,1.0
2000-12-17,1.0,1.0,1.0,1.0
2000-12-24,1.0,1.0,1.0,1.0
2000-12-31,1.0,1.0,1.0,1.0
2001-01-07,1.0,1.0,1.0,1.0
2001-01-14,1.0,1.0,1.0,1.0
2001-01-21,1.0,1.0,1.0,1.0
2001-01-28,1.0,1.0,1.0,1.0
2001-02-04,1.0,1.0,1.0,1.0
2001-02-11,1.0,1.0,1.0,1.0
2001-02-18,1.0,1.0,1.0,1.0
2001-02-25,1.0,1.0,1.0,1.0
2001-03-04,1.0,1.0,1.0,1.0
2001-03-11,1.0,1.0,1.0,1.0
2001-03-18,1.0,1.0,1.0,1.0
2001-03-25,1.0,1.0,1.0,1.0
2001-04-01,1.0,1.0,1.0,1.0
2001-04-08,1.0,1.0,1.0,1.0
2001-04-15,1.0,1.0,1.0,1.0
2001-04-22,1.0,1.0,1.0,1.0
2001-04-29,1.0,1.0,1.0,1.0
2001-05-06,1.0,1.0,1.0,1.0
2001-05-13,1.0,1.0,1.0,1.0
2001-05-20,1.0,1.0,1.0,1.0
2001-05-27,1.0,1.0,1.0,1.0
2001-06-03,1.0,1.0,1.0,1.0
2001-06-10,1.0,1.0,1.0,1.0
2001-06-17,1.0,1.0,1.0,1.0
2001-06-24,1.0,1.0,1.0,1.0
2001-07-01,1.0,1.0,1.0,1.0
2001-07-08,1.0,1.0,1.0,1.0
2001-07-15,1.0,1.0,1.0,1.0
2001-07-22,1.0,1.0,1.0,1.0
2001-07-29,1.0,1.0,1.0,1.0
2001-08-05,1.0,1.0,1.0,1.0
2001-08-12,1.0,1.0,1.0,1.0
2001-08-19,1.0,1.0,1.0,1.0
2001-08-26,1.0,1.0,1.0,1.0
2001-09-02,1.0,1.0,1.0,1.0
2001-09-09,1.0,1.0,1.0,1.0
2001-09-16,1.0,1.0,1.0,1.0
2001-09-23,1.0,1.0,1.0,1.0
2001-09-30,1.0,1.0,1.0,1.0
2001-10-07,1.0,1.0,1.0,1.0
2001-10-14,1.0,1.0,1.0,1.0
2001-10-21,1.0,1.0,1.0,1.0
2001-10-28,1.0,1.0,1.0,1.0
2001-11-04,1.0,1.0,1.0,1.0
2001-11-11,1.0,1.0,1.0,1.0
2001-11-18,1.0,1.0,1.0,1.0
2001-11-25,1.0,1.0,1.0,1.0
2001-12-02,1.0,1.0,1.0,1.0
2001-12-09,1.0,1.0,1.0,1.0
2001-12-16,1.0,1.0,1.0,1.0
2001-12-23,1.0,1.0,1.0,1.0
2001-12-30,1.0,1.0,1.0,1.0
2002-01-06,1.0,1.0,1.0,1.0
2002-01-13,1.0,1.0,1.0,1.0
2002-01-20,1.0,1.0,1.0,1.0
2002-01-27,1.0,1.0,1.0,1.0
2002-02-03,1.0,1.0,1.0,1.0
2002-02-10,1.0,1.0,1.0,1.0
2002-02-17,1.0,1.0,1.0,1.0
2002-02-24,1.0,1.0,1.0,1.0
2002-03-03,1.0,1.0,1.0,1.0
2002-03-10,1.0,1.0,1.0,1.0
2002-03-17,1.0,1.0,1.0,1.0
2002-03-24,1.0,1.0,1.0,1.0
2002-03-31,1.0,1.0,1.0,1.0
2002-04-07,1.0,1.0,1.0,1.0
2002-04-14,1.0,1.0,1.0,1.0
2002-04-21,1.0,1.0,1.0,1.0
2002-04-28,1.0,1.0,1.0,1.0
2002-05-05,1.0,1.0,1.0,1.0
2002-05-12,1.0,1.0,1.0,1.0
2002-05-19,1.0,1.0,1.0,1.0
2002-05-26,1.0,1.0,1.0,1.0
2002-06-02,1.0,1.0,1.0,1.0
2002-06-09,1.0,1.0,1.0,1.0
2002-06-16,1.0,1.0,1.0,1.0
2002-06-23,1.0,1.0,1.0,1.0
2002-06-30,1.0,1.0,1.0,1.0
2002-07-07,1.0,1.0,1.0,1.0
2002-07-14,1.0,1.0,1.0,1.0
2002-07-21,1.0,1.0,1.0,1.0
2002-07-28,1.0,1.0,1.0,1.0
2002-08-04,1.0,1.0,1.0,1.0
2002-08-11,1.0,1.0,1.0,1.0
2002-08-18,1.0,1.0,1.0,1.0
2002-08-25,1.0,1.0,1.0,1.0
2002-09-01,1.0,1.0,1.0,1.0
2002-09-08,1.0,1.0,1.0,1.0
2002-09-15,1.0,1.0,1.0,1.0
2002-09-22,1.0,1.0,1.0,1.0
2002-09-29,1.0,1.0,1.0,1.0
2002-10-06,1.0,1.0,1.0,1.0
2002-10-13,1.0,1.0,1.0,1.0
2002-10-20,1.0,1.0,1.0,1.0
2002-10-27,1.0,1.0,1.0,1.0
2002-11-03,1.0,1.0,1.0,1.0
2002-11-10,1.0,1.0,1.0,1.0
2002-11-17,1.0,1.0,1.0,1.0
2002-11-24,1.0,1.0,1.0,1.0
2002-12-01,1.0,1.0,1.0,1.0
2002-12-08,1.0,1.0,1.0,1.0
2002-12-15,1.0,1.0,1.0,1.0
2002-12-22,1.0,1.0,1.0,1.0
2002-12-29,1.0,1.0,1.0,1.0
2003-01-05,1.0,1.0,1.0,1.0
2003-01-12,1.0,1.0,1.0,1.0
2003-01-19,1.0,1.0,1.0,1.0
2003-01-26,1.0,1.0,1.0,1.0
2003-02-02,1.0,1.0,1.0,1.0
2003-02-09,1.0,1.0,1.0,1.0
2003-02-16,1.0,1.0,1.0,1.0
2003-02-23,1.0,1.0,1.0,1.0
2003-03-02,1.0,1.0,1.0,1.0
2003-03-09,1.0,1.0,1.0,1.0
2003-03-16,1.0,1.0,1.0,1.0
2003-03-23,1.0,1.0,1.0,1.0
2003-03-30,1.0,1.0,1.0,1.0
2003-04-06,1.0,1.0,1.0,1.0
2003-04-13,1.0,1.0,1.0,1.0
2003-04-20,1.0,1.0,1.0,1.0
2003-04-27,1.0,1.0,1.0,1.0
2003-05-04,1.0,1.0,1.0,1.0
2003-05-11,1.0,1.0,1.0,1.0
2003-05-18,1.0,1.0,1.0,1.0
2003-05-25,1.0,1.0,1.0,1.0
2003-06-01,1.0,1.0,1.0,1.0
2003-06-08,1.0,1.0,1.0,1.0
2003-06-15,1.0,1.0,1.0,1.0
2003-06-22,1.0,1.0,1.0,1.0
2003-06-29,1.0,1.0,1.0,1.0
2003-07-06,1.0,1.0,1.0,1.0
2003-07-13,1.0,1.0,1.0,1.0
2003-07-20,1.0,1.0,1.0,1.0
2003-07-27,1.0,1.0,1.0,1.0
2003-08-03,1.0,1.0,1.0,1.0
2003-08-10,1.0,1.0,1.0,1.0
2003-08-17,1.0,1.0,1.0,1.0
2003-08-24,1.0,1.0,1.0,1.0
2003-08-31,1.0,1.0,1.0,1.0
2003-09-07,1.0,1.0,1.0,1.0
2003-09-14,1.0,1.0,1.0,1.0
2003-09-21,1.0,1.0,1.0,1.0
2003-09-28,1.0,1.0,1.0,1.0
2003-10-05,1.0,1.0,1.0,1.0
2003-10-12,1.0,1.0,1.0,1.0
2003-10-19,1.0,1.0,1.0,1.0
2003-10-26,1.0,1.0,1.0,1.0
2003-11-02,1.0,1.0,1.0,1.0
2003-11-09,1.0,1.0,1.0,1.0
2003-11-16,1.0,1.0,1.0,1.0
2003-11-23,1.0,1.0,1.0,1.0
2003-11-30,1.0,1.0,1.0,1.0
2003-12-07,1.0,1.0,1.0,1.0
2003-12-14,1.0,1.0,1.0,1.0
2003-12-21,1.0,1.0,1.0,1.0
2003-12-28,1.0,1.0,1.0,1.0
2004-01-04,1.0,1.0,1.0,1.0
2004-01-11,1.0,1.0,1.0,1.0
2004-01-18,1.0,1.0,1.0,1.0
2004-01-25,1.0,1.0,1.0,1.0
2004-02-01,1.0,1.0,1.0,1.0
2004-02-08,1.0,1.0,1.0,1.0
2004-02-15,1.0,1.0,1.0,1.0
2004-02-22,1.0,1.0,1.0,1.0
2004-02-29,1.0,1.0,1.0,1.0
2004-03-07,1.0,1.0,1.0,1.0
2004-03-14,1.0,1.0,1.0,1.0
2004-03-21,1.0,1.0,1.0,1.0
2004-03-28,1.0,1.0,1.0,1.0
2004-04-04,1.0,1.0,1.0,1.0
2004-04-11,1.0,1.0,1.0,1.0
2004-04-18,1.0,1.0,1.0,1.0
2004-04-25,1.0,1.0,1.0,1.0
2004-05-02,1.0,1.0,1.0,1.0
2004-05-09,1.0,1.0,1.0,1.0
2004-05-16,1.0,1.0,1.0,1.0
2004-05-23,1.0,1.0,1.0,1.0
2004-05-30,1.0,1.0,1.0,1.0
2004-06-06,1.0,1.0,1.0,1.0
2004-06-13,1.0,1.0,1.0,1.0
2004-06-20,1.0,1.0,1.0,1.0
2004-06-27,1.0,1.0,1.0,1.0
2004-07-04,1.0,1.0,1.0,1.0
2004-07-11,1.0,1.0,1.0,1.0
2004-07-18,1.0,1.0,1.0,1.0
2004-07-25,1.0,1.0,1.0,1.0
2004-08-01,1.0,1.0,1.0,1.0
2004-08-08,1.0,1.0,1.0,1.0
2004-08-15,1.0,1.0,1.0,1.0
2004-08-22,1.0,1.0,1.0,1.0
2004-08-29,1.0,1.0,1.0,1.0
2004-09-05,1.0,1.0,1.0,1.0
2004-09-12,1.0,1.0,1.0,1.0
2004-09-19,1.0,1.0,1.0,1.0
2004-09-26,1.0,1.0,1.0,1.0
2004-10-03,1.0,1.0,1.0,1.0
2004-10-10,1.0,1.0,1.0,1.0
2004-10-17,1.0,1.0,1.0,1.0
2004-10-24,1.0,1.0,1.0,1.0
2004-10-31,1.0,1.0,1.0,1.0
2004-11-07,1.0,1.0,1.0,1.0
2004-11-14,1.0,1.0,1.0,1.0
2004-11-21,1.0,1.0,1.0,1.0
2004-11-28,1.0,1.0,1.0,1.0
2004-12-05,1.0,1.0,1.0,1.0
2004-12-12,1.0,1.0,1.0,1.0
2004-12-19,1.0,1.0,1.0,1.0
2004-12-26,1.0,1.0,1.0,1.0
2005-01-02,1.0,1.0,1.0,1.0
2005-01-09,1.0,1.0,1.0,1.0
2005-01-16,1.0,1.0,1.0,1.0
2005-01-23,1.0,1.0,1.0,1.0
2005-01-30,1.0,1.0,1.0,1.0
2005-02-06,1.0,1.0,1.0,1.0
2005-02-13,1.0,1.0,1.0,1.0
2005-02-20,1.0,1.0,1.0,1.0
2005-02-27,1.0,1.0,1.0,1.0
2005-03-06,1.0,1.0,1.0,1.0
2005-03-13,1.0,1.0,1.0,1.0
2005-03-20,1.0,1.0,1.0,1.0
2005-03-27,1.0,1.0,1.0,1.0
2005-04-03,1.0,1.0,1.0,1.0
2005-04-10,1.0,1.0,1.0,1.0
2005-04-17,1.0,1.0,1.0,1.0
2005-04-24,1.0,1.0,1.0,1.0
2005-05-01,1.0,1.0,1.0,1.0
2005-05-08,1.0,1.0,1.0,1.0
2005-05-15,1.0,1.0,1.0,1.0
2005-05-22,1.0,1.0,1.0,1.0
2005-05-29,1.0,1.0,1.0,1.0
2005-06-05,1.0,1.0,1.0,1.0
2005-06-12,1.0,1.0,1.0,1.0
2005-06-19,1.0,1.0,1.0,1.0
2005-06-26,1.0,1.0,1.0,1.0
2005-07-03,1.0,1.0,1.0,1.0
2005-07-10,1.0,1.0,1.0,1.0
2005-07-17,1.0,1.0,1.0,1.0
2005-07-24,1.0,1.0,1.0,1.0
2005-07-31,1.0,1.0,1.0,1.0
2005-08-07,1.0,1.0,1.0,1.0
2005-08-14,1.0,1.0,1.0,1.0
2005-08-21,1.0,1.0,1.0,1.0
2005-08-28,1.0,1.0,1.0,1.0
2005-09-04,1.0,1.0,1.0,1.0
2005-09-11,1.0,1.0,1.0,1.0
2005-09-18,1.0,1.0,1.0,1.0
2005-09-25,1.0,1.0,1.0,1.0
2005-10-02,1.0,1.0,1.0,1.0
2005-10-09,1.0,1.0,1.0,1.0
2005-10-16,1.0,1.0,1.0,1.0
2005-10-23,1.0,1.0,1.0,1.0
2005-10-30,1.0,1.0,1.0,1.0
2005-11-06,1.0,1.0,1.0,1.0
2005-11-13,1.0,1.0,1.0,1.0
2005-11-20,1.0,1.0,1.0,1.0
2005-11-27,1.0,1.0,1.0,1.0
2005-12-04,1.0,1.0,1.0,1.0
2005-12-11,1.0,1.0,1.0,1.0
2005-12-18,1.0,1.0,1.0,1.0
2005-12-25,1.0,1.0,1.0,1.0
2006-01-01,1.0,1.0,1.0,1.0
2006-01-08,1.0,1.0,1.0,1.0
2006-01-15,1.0,1.0,1.0,1.0
2006-01-22,1.0,1.0,1.0,1.0
2006-01-29,1.0,1.0,1.0,1.0
2006-02-05,1.0,1.0,1.0,1.0
2006-02-12,1.0,1.0,1.0,1.0
2006-02-19,1.0,1.0,1.0,1.0
2006-02-26,1.0,1.0,1.0,1.0
2006-03-05,1.0,1.0,1.0,1.0
2006-03-12,1.0,1.0,1.0,1.0
2006-03-19,1.0,1.0,1.0,1.0
2006-03-26,1.0,1.0,1.0,1.0
2006-04-02,1.0,1.0,1.0,1.0
2006-04-09,1.0,1.0,1.0,1.0
2006-04-16,1.0,1.0,1.0,1.0
2006-04-23,1.0,1.0,1.0,1.0
2006-04-30,1.0,1.0,1.0,1.0
2006-05-07,1.0,1.0,1.0,1.0
2006-05-14,1.0,1.0,1.0,1.0
2006-05-21,1.0,1.0,1.0,1.0
2006-05-28,1.0,1.0,1.0,1.0
2006-06-04,1.0,1.0,1.0,1.0
2006-06-11,1.0,1.0,1.0,1.0
2006-06-18,1.0,1.0,1.0,1.0
2006-06-25,1.0,1.0,1.0,1.0
2006-07-02,1.0,1.0,1.0,1.0
2006-07-09,1.0,1.0,1.0,1.0
2006-07-16,1.0,1.0,1.0,1.0
2006-07-23,1.0,1.0,1.0,1.0
2006-07-30,1.0,1.0,1.0,1.0
2006-08-06,1.0,1.0,1.0,1.0
2006-08-13,1.0,1.0,1.0,1.0
2006-08-20,1.0,1.0,1.0,1.0
2006-08-27,1.0,1.0,1.0,1.0
2006-09-03,1.0,1.0,1.0,1.0
2006-09-10,1.0,1.0,1.0,1.0
2006-09-17,1.0,1.0,1.0,1.0
2006-09-24,1.0,1.0,1.0,1.0
2006-10-01,1.0,1.0,1.0,1.0
2006-10-08,1.0,1.0,1.0,1.0
2006-10-15,1.0,1.0,1.0,1.0
2006-10-22,1.0,1.0,1.0,1.0
2006-10-29,1.0,1.0,1.0,1.0
2006-11-05,1.0,1.0,1.0,1.0
2006-11-12,1.0,1.0,1.0,1.0
2006-11-19,1.0,1.0,1.0,1.0
2006-11-26,1.0,1.0,1.0,1.0
2006-12-03,1.0,1.0,1.0,1.0
2006-12-10,1.0,1.0,1.0,1.0
2006-12-17,1.0,1.0,1.0,1.0
2006-12-24,1.0,1.0,1.0,1.0
2006-12-31,1.0,1.0,1.0,1.0
2007-01-07,1.0,1.0,1.0,1.0
2007-01-14,1.0,1.0,1.0,1.0
2007-01-21,1.0,1.0,1.0,1.0
2007-01-28,1.0,1.0,1.0,1.0
2007-02-04,1.0,1.0,1.0,1.0
2007-02-11,1.0,1.0,1.0,1.0
2007-02-18,1.0,1.0,1.0,1.0
2007-02-25,1.0,1.0,1.0,1.0
2007-03-04,1.0,1.0,1.0,1.0
2007-03-11,1.0,1.0,1.0,1.0
2007-03-18,1.0,1.0,1.0,1.0
2007-03-25,1.0,1.0,1.0,1.0
2007-04-01,1.0,1.0,1.0,1.0
2007-04-08,1.0,1.0,1.0,1.0
2007-04-15,1.0,1.0,1.0,1.0
2007-04-22,1.0,1.0,1.0,1.0
2007-04-29,1.0,1.0,1.0,1.0
2007-05-06,1.0,1.0,1.0,1.0
2007-05-13,1.0,1.0,1.0,1.0
2007-05-20,1.0,1.0,1.0,1.0
2007-05-27,1.0,1.0,1.0,1.0
2007-06-03,1.0,1.0,1.0,1.0
2007-06-10,1.0,1.0,1.0,1.0
2007-06-17,1.0,1.0,1.0,1.0
2007-06-24,1.0,1.0,1.0,1.0
2007-07-01,1.0,1.0,1.0,1.0
2007-07-08,1.0,1.0,1.0,1.0
2007-07-15,1.0,1.0,1.0,1.0
2007-07-22,1.0,1.0,1.0,1.0
2007-07-29,1.0,1.0,1.0,1.0
2007-08-05,1.0,1.0,1.0,1.0
2007-08-12,1.0,1.0,1.0,1.0
2007-08-19,1.0,1.0,1.0,1.0
2007-08-26,1.0,1.0,1.0,1.0
2007-09-02,1.0,1.0,1.0,1.0
2007-09-09,1.0,1.0,1.0,1.0
2007-09-16,1.0,1.0,1.0,1.0
2007-09-23,1.0,1.0,1.0,1.0
2007-09-30,1.0,1.0,1.0,1.0
2007-10-07,1.0,1.0,1.0,1.0
2007-10-14,1.0,1.0,1.0,1.0
2007-10-21,1.0,1.0,1.0,1.0
2007-10-28,1.0,1.0,1.0,1.0
2007-11-04,1.0,1.0,1.0,1.0
2007-11-11,1.0,1.0,1.0,1.0
2007-11-18,1.0,1.0,1.0,1.0
2007-11-25,1.0,1.0,1.0,1.0
2007-12-02,1.0,1.0,1.0,1.0
2007-12-09,1.0,1.0,1.0,1.0
2007-12-16,1.0,1.0,1.0,1.0
2007-12-23,1.0,1.0,1.0,1.0
2007-12-30,1.0,1.0,1.0,1.0
2008-01-06,1.0,1.0,1.0,1.0
2008-01-13,1.0,1.0,1.0,1.0
2008-01-20,1.0,1.0,1.0,1.0
2008-01-27,1.0,1.0,1.0,1.0
2008-02-03,1.0,1.0,1.0,1.0
2008-02-10,1.0,1.0,1.0,1.0
2008-02-17,1.0,1.0,1.0,1.0
2008-02-24,1.0,1.0,1.0,1.0
2008-03-02,1.0,1.0,1.0,1.0
2008-03-09,1.0,1.0,1.0,1.0
2008-03-16,1.0,1.0,1.0,1.0
2008-03-23,1.0,1.0,1.0,1.0
2008-03-30,1.0,1.0,1.0,1.0
2008-04-06,1.0,1.0,1.0,1.0
2008-04-13,1.0,1.0,1.0,1.0
2008-04-20,1.0,1.0,1.0,1.0
2008-04-27,1.0,1.0,1.0,1.0
2008-05-04,1.0,1.0,1.0,1.0
2008-05-11,1.0,1.0,1.0,1.0
2008-05-18,1.0,1.0,1.0,1.0
2008-05-25,1.0,1.0,1.0,1.0
2008-06-01,1.0,1.0,1.0,1.0
2008-06-08,1.0,1.0,1.0,1.0
2008-06-15,1.0,1.0,1.0,1.0
2008-06-22,1.0,1.0,1.0,1.0
2008-06-29,1.0,1.0,1.0,1.0
2008-07-06,1.0,1.0,1.0,1.0
2008-07-13,1.0,1.0,1.0,1.0
2008-07-20,1.0,1.0,1.0,1.0
2008-07-27,1.0,1.0,1.0,1.0
2008-08-03,1.0,1.0,1.0,1.0
2008-08-10,1.0,1.0,1.0,1.0
2008-08-17,1.0,1.0,1.0,1.0
2008-08-24,1.0,1.0,1.0,1.0
2008-08-31,1.0,1.0,1.0,1.0
2008-09-07,1.0,1.0,1.0,1.0
2008-09-14,1.0,1.0,1.0,1.0
2008-09-21,1.0,1.0,1.0,1.0
2008-09-28,1.0,1.0,1.0,1.0
2008-10-05,1.0,1.0,1.0,1.0
2008-10-12,1.0,1.0,1.0,1.0
2008-10-19,1.0,1.0,1.0,1.0
2008-10-26,1.0,1.0,1.0,1.0
2008-11-02,1.0,1.0,1.0,1.0
2008-11-09,1.0,1.0,1.0,1.0
2008-11-16,1.0,1.0,1.0,1.0
2008-11-23,1.0,1.0,1.0,1.0
2008-11-30,1.0,1.0,1.0,1.0
2008-12-07,1.0,1.0,1.0,1.0
2008-12-14,1.0,1.0,1.0,1.0
2008-12-21,1.0,1.0,1.0,1.0
2008-12-28,1.0,1.0,1.0,1.0
2009-01-04,1.0,1.0,1.0,1.0
2009-01-11,1.0,1.0,1.0,1.0
2009-01-18,1.0,1.0,1.0,1.0
2009-01-25,1.0,1.0,1.0,1.0
2009-02-01,1.0,1.0,1.0,1.0
2009-02-08,1.0,1.0,1.0,1.0
2009-02-15,1.0,1.0,1.0,1.0
2009-02-22,1.0,1.0,1.0,1.0
2009-03-01,1.0,1.0,1.0,1.0
2009-03-08,1.0,1.0,1.0,1.0
2009-03-15,1.0,1.0,1.0,1.0
2009-03-22,1.0,1.0,1.0,1.0
2009-03-29,1.0,1.0,1.0,1.0
2009-04-05,1.0,1.0,1.0,1.0
2009-04-12,1.0,1.0,1.0,1.0
2009-04-19,1.0,1.0,1.0,1.0
2009-04-26,1.0,1.0,1.0,1.0
2009-05-03,1.0,1.0,1.0,1.0
2009-05-10,1.0,1.0,1.0,1.0
2009-05-17,1.0,1.0,1.0,1.0
2009-05-24,1.0,1.0,1.0,1.0
2009-05-31,1.0,1.0,1.0,1.0
2009-06-07,1.0,1.0,1.0,1.0
2009-06-14,1.0,1.0,1.0,1.0
2009-06-21,1.0,1.0,1.0,1.0
2009-06-28,1.0,1.0,1.0,1.0
2009-07-05,1.0,1.0,1.0,1.0
2009-07-12,1.0,1.0,1.0,1.0
2009-07-19,1.0,1.0,1.0,1.0
2009-07-26,1.0,1.0,1.0,1.0
2009-08-02,1.0,1.0,1.0,1.0
2009-08-09,1.0,1.0,1.0,1.0
2009-08-16,1.0,1.0,1.0,1.0
2009-08-23,1.0,1.0,1.0,1.0
2009-08-30,1.0,1.0,1.0,1.0
2009-09-06,1.0,1.0,1.0,1.0
2009-09-13,1.0,1.0,1.0,1.0
2009-09-20,1.0,1.0,1.0,1.0
2009-09-27,1.0,1.0,1.0,1.0
2009-10-04,1.0,1.0,1.0,1.0
2009-10-11,1.0,1.0,1.0,1.0
2009-10-18,1.0,1.0,1.0,1.0
2009-10-25,1.0,1.0,1.0,1.0
2009-11-01,1.0,1.0,1.0,1.0
2009-11-08,1.0,1.0,1.0,1.0
2009-11-15,1.0,1.0,1.0,1.0
2009-11-22,1.0,1.0,1.0,1.0
2009-11-29,1.0,1.0,1.0,1.0
2009-12-06,1.0,1.0,1.0,1.0
2009-12-13,1.0,1.0,1.0,1.0
2009-12-20,1.0,1.0,1.0,1.0
2009-12-27,1.0,1.0,1.0,1.0
2010-01-03,1.0,1.0,1.0,1.0
2010-01-10,1.0,1.0,1.0,1.0
2010-01-17,1.0,1.0,1.0,1.0
2010-01-24,1.0,1.0,1.0,1.0
2010-01-31,1.0,1.0,1.0,1.0
2010-02-07,1.0,1.0,1.0,1.0
2010-02-14,1.0,1.0,1.0,1.0
2010-02-21,1.0,1.0,1.0,1.0
2010-02-28,1.0,1.0,1.0,1.0
2010-03-07,1.0,1.0,1.0,1.0
2010-03-14,1.0,1.0,1.0,1.0
2010-03-21,1.0,1.0,1.0,1.0
2010-03-28,1.0,1.0,1.0,1.0
2010-04-04,1.0,1.0,1.0,1.0
2010-04-11,1.0,1.0,1.0,1.0
2010-04-18,1.0,1.0,1.0,1.0
2010-04-25,1.0,1.0,1.0,1.0
2010-05-02,1.0,1.0,1.0,1.0
2010-05-09,1.0,1.0,1.0,1.0
2010-05-16,1.0,1.0,1.0,1.0
2010-05-23,1.0,1.0,1.0,1.0
2010-05-30,1.0,1.0,1.0,1.0
2010-06-06,1.0,1.0,1.0,1.0
2010-06-13,1.0,1.0,1.0,1.0
2010-06-20,1.0,1.0,1.0,1.0
2010-06-27,1.0,1.0,1.0,1.0
2010-07-04,1.0,1.0,1.0,1.0
2010-07-11,1.0,1.0,1.0,1.0
2010-07-18,1.0,1.0,1.0,1.0
2010-07-25,1.0,1.0,1.0,1.0
2010-08-01,1.0,1.0,1.0,1.0
2010-08-08,1.0,1.0,1.0,1.0
2010-08-15,1.0,1.0,1.0,1.0
2010-08-22,1.0,1.0,1.0,1.0
2010-08-29,1.0,1.0,1.0,1.0
2010-09-05,1.0,1.0,1.0,1.0
2010-09-12,1.0,1.0,1.0,1.0
2010-09-19,1.0,1.0,1.0,1.0
2010-09-26,1.0,1.0,1.0,1.0
2010-10-03,1.0,1.0,1.0,1.0
2010-10-10,1.0,1.0,1.0,1.0
2010-10-17,1.0,1.0,1.0,1.0
2010-10-24,1.0,1.0,1.0,1.0
2010-10-31,1.0,1.0,1.0,1.0
2010-11-07,1.0,1.0,1.0,1.0
2010-11-14,1.0,1.0,1.0,1.0
2010-11-21,1.0,1.0,1.0,1.0
2010-11-28,1.0,1.0,1.0,1.0
2010-12-05,1.0,1.0,1.0,1.0
2010-12-12,1.0,1.0,1.0,1.0
2010-12-19,1.0,1.0,1.0,1.0
2010-12-26,1.0,1.0,1.0,1.0
2011-01-02,1.0,1.0,1.0,1.0
2011-01-09,1.0,1.0,1.0,1.0
2011-01-16,1.0,1.0,1.0,1.0
2011-01-23,1.0,1.0,1.0,1.0
2011-01-30,1.0,1.0,1.0,1.0
2011-02-06,1.0,1.0,1.0,1.0
2011-02-13,1.0,1.0,1.0,1.0
2011-02-20,1.0,1.0,1.0,1.0
2011-02-27,1.0,1.0,1.0,1.0
2011-03-06,1.0,1.0,1.0,1.0
2011-03-13,1.0,1.0,1.0,1.0
2011-03-20,1.0,1.0,1.0,1.0
2011-03-27,1.0,1.0,1.0,1.0
2011-04-03,1.0,1.0,1.0,1.0
2011-04-10,1.0,1.0,1.0,1.0
2011-04-17,1.0,1.0,1.0,1.0
2011-04-24,1.0,1.0,1.0,1.0
2011-05-01,1.0,1.0,1.0,1.0
2011-05-08,1.0,1.0,1.0,1.0
2011-05-15,1.0,1.0,1.0,1.0
2011-05-22,1.0,1.0,1.0,1.0
2011-05-29,1.0,1.0,1.0,1.0
2011-06-05,1.0,1.0,1.0,1.0
2011-06-12,1.0,1.0,1.0,1.0
2011-06-19,1.0,1.0,1.0,1.0
2011-06-26,1.0,1.0,1.0,1.0
2011-07-03,1.0,1.0,1.0,1.0
2011-07-10,1.0,1.0,1.0,1.0
2011-07-17,1.0,1.0,1.0,1.0
2011-07-24,1.0,1.0,1.0,1.0
2011-07-31,1.0,1.0,1.0,1.0
2011-08-07,1.0,1.0,1.0,1.0
2011-08-14,1.0,1.0,1.0,1.0
2011-08-21,1.0,1.0,1.0,1.0
2011-08-28,1.0,1.0,1.0,1.0
2011-09-04,1.0,1.0,1.0,1.0
2011-09-11,1.0,1.0,1.0,1.0
2011-09-18,1.0,1.0,1.0,1.0
2011-09-25,1.0,1.0,1.0,1.0
2011-10-02,1.0,1.0,1.0,1.0
2011-10-09,1.0,1.0,1.0,1.0
2011-10-16,1.0,1.0,1.0,1.0
2011-10-23,1.0,1.0,1.0,1.0
2011-10-30,1.0,1.0,1.0,1.0
2011-11-06,1.0,1.0,1.0,1.0
2011-11-13,1.0,1.0,1.0,1.0
2011-11-20,1.0,1.0,1.0,1.0
2011-11-27,1.0,1.0,1.0,1.0
2011-12-04,1.0,1.0,1.0,1.0
2011-12-11,1.0,1.0,1.0,1.0
2011-12-18,1.0,1.0,1.0,1.0
2011-12-25,1.0,1.0,1.0,1.0
2012-01-01,1.0,1.0,1.0,1.0
2012-01-08,1.0,1.0,1.0,1.0
2012-01-15,1.0,1.0,1.0,1.0
2012-01-22,1.0,1.0,1.0,1.0
2012-01-29,1.0,1.0,1.0,1.0
2012-02-05,1.0,1.0,1.0,1.0
2012-02-12,1.0,1.0,1.0,1.0
2012-02-19,1.0,1.0,1.0,1.0
2012-02-26,1.0,1.0,1.0,1.0
2012-03-04,1.0,1.0,1.0,1.0
2012-03-11,1.0,1.0,1.0,1.0
2012-03-18,1.0,1.0,1.0,1.0
2012-03-25,1.0,1.0,1.0,1.0
2012-04-01,1.0,1.0,1.0,1.0
2012-04-08,1.0,1.0,1.0,1.0
2012-04-15,1.0,1.0,1.0,1.0
2012-04-22,1.0,1.0,1.0,1.0
2012-04-29,1.0,1.0,1.0,1.0
2012-05-06,1.0,1.0,1.0,1.0
2012-05-13,1.0,1.0,1.0,1.0
2012-05-20,1.0,1.0,1.0,1.0
2012-05-27,1.0,1.0,1.0,1.0
2012-06-03,1.0,1.0,1.0,1.0
2012-06-10,1.0,1.0,1.0,1.0
2012-06-17,1.0,1.0,1.0,1.0
2012-06-24,1.0,1.0,1.0,1.0
2012-07-01,1.0,1.0,1.0,1.0
2012-07-08,1.0,1.0,1.0,1.0
2012-07-15,1.0,1.0,1.0,1.0
2012-07-22,1.0,1.0,1.0,1.0
2012-07-29,1.0,1.0,1.0,1.0
2012-08-05,1.0,1.0,1.0,1.0
2012-08-12,1.0,1.0,1.0,1.0
2012-08-19,1.0,1.0,1.0,1.0
2012-08-26,1.0,1.0,1.0,1.0
2012-09-02,1.0,1.0,1.0,1.0
2012-09-09,1.0,1.0,1.0,1.0
2012-09-16,1.0,1.0,1.0,1.0
2012-09-23,1.0,1.0,1.0,1.0
2012-09-30,1.0,1.0,1.0,1.0
2012-10-07,1.0,1.0,1.0,1.0
2012-10-14,1.0,1.0,1.0,1.0
2012-10-21,1.0,1.0,1.0,1.0
2012-10-28,1.0,1.0,1.0,1.0
2012-11-04,1.0,1.0,1.0,1.0
2012-11-11,1.0,1.0,1.0,1.0
2012-11-18,1.0,1.0,1.0,1.0
2012-11-25,1.0,1.0,1.0,1.0
2012-12-02,1.0,1.0,1.0,1.0
2012-12-09,1.0,1.0,1.0,1.0
2012-12-16,1.0,1.0,1.0,1.0
2012-12-23,1.0,1.0,1.0,1.0
2012-12-30,1.0,1.0,1.0,1.0
2013-01-06,1.0,1.0,1.0,1.0
2013-01-13,1.0,1.0,1.0,1.0
2013-01-20,1.0,1.0,1.0,1.0
2013-01-27,1.0,1.0,1.0,1.0
2013-02-03,1.0,1.0,1.0,1.0
2013-02-10,1.0,1.0,1.0,1.0
2013-02-17,1.0,1.0,1.0,1.0
2013-02-24,1.0,1.0,1.0,1.0
2013-03-03,1.0,1.0,1.0,1.0
2013-03-10,1.0,1.0,1.0,1.0
2013-03-17,1.0,1.0,1.0,1.0
2013-03-24,1.0,1.0,1.0,1.0
2013-03-31,1.0,1.0,1.0,1.0
2013-04-07,1.0,1.0,1.0,1.0
2013-04-14,1.0,1.0,1.0,1.0
2013-04-21,1.0,1.0,1.0,1.0
2013-04-28,1.0,1.0,1.0,1.0
2013-05-05,1.0,1.0,1.0,1.0
2013-05-12,1.0,1.0,1.0,1.0
2013-05-19,1.0,1.0,1.0,1.0
2013-05-26,1.0,1.0,1.0,1.0
2013-06-02,1.0,1.0,1.0,1.0
2013-06-09,1.0,1.0,1.0,1.0
2013-06-16,1.0,1.0,1.0,1.0
2013-06-23,1.0,1.0,1.0,1.0
2013-06-30,1.0,1.0,1.0,1.0
2013-07-07,1.0,1.0,1.0,1.0
2013-07-14,1.0,1.0,1.0,1.0
2013-07-21,1.0,1.0,1.0,1.0
2013-07-28,1.0,1.0,1.0,1.0
2013-08-04,1.0,1.0,1.0,1.0
2013-08-11,1.0,1.0,1.0,1.0
2013-08-18,1.0,1.0,1.0,1.0
2013-08-25,1.0,1.0,1.0,1.0
2013-09-01,1.0,1.0,1.0,1.0
2013-09-08,1.0,1.0,1.0,1.0
2013-09-15,1.0,1.0,1.0,1.0
2013-09-22,1.0,1.0,1.0,1.0
2013-09-29,1.0,1.0,1.0,1.0
2013-10-06,1.0,1.0,1.0,1.0
2013-10-13,1.0,1.0,1.0,1.0
2013-10-20,1.0,1.0,1.0,1.0
2013-10-27,1.0,1.0,1.0,1.0
2013-11-03,1.0,1.0,1.0,1.0
2013-11-10,1.0,1.0,1.0,1.0
2013-11-17,1.0,1.0,1.0,1.0
2013-11-24,1.0,1.0,1.0,1.0
2013-12-01,1.0,1.0,1.0,1.0
2013-12-08,1.0,1.0,1.0,1.0
2013-12-15,1.0,1.0,1.0,1.0
2013-12-22,1.0,1.0,1.0,1.0
2013-12-29,1.0,1.0,1.0,1.0
2014-01-05,1.0,1.0,1.0,1.0
2014-01-12,1.0,1.0,1.0,1.0
2014-01-19,1.0,1.0,1.0,1.0
2014-01-26,1.0,1.0,1.0,1.0
2014-02-02,1.0,1.0,1.0,1.0
2014-02-09,1.0,1.0,1.0,1.0
2014-02-16,1.0,1.0,1.0,1.0
2014-02-23,1.0,1.0,1.0,1.0
2014-03-02,1.0,1.0,1.0,1.0
2014-03-09,1.0,1.0,1.0,1.0
2014-03-16,1.0,1.0,1.0,1.0
2014-03-23,1.0,1.0,1.0,1.0
2014-03-30,1.0,1.0,1.0,1.0
2014-04-06,1.0,1.0,1.0,1.0
2014-04-13,1.0,1.0,1.0,1.0
2014-04-20,1.0,1.0,1.0,1.0
2014-04-27,1.0,1.0,1.0,1.0
2014-05-04,1.0,1.0,1.0,1.0
2014-05-11,1.0,1.0,1.0,1.0
2014-05-18,1.0,1.0,1.0,1.0
2014-05-25,1.0,1.0,1.0,1.0
2014-06-01,1.0,1.0,1.0,1.0
2014-06-08,1.0,1.0,1.0,1.0
2014-06-15,1.0,1.0,1.0,1.0
2014-06-22,1.0,1.0,1.0,1.0
2014-06-29,1.0,1.0,1.0,1.0
2014-07-06,1.0,1.0,1.0,1.0
2014-07-13,1.0,1.0,1.0,1.0
2014-07-20,1.0,1.0,1.0,1.0
2014-07-27,1.0,1.0,1.0,1.0
2014-08-03,1.0,1.0,1.0,1.0
2014-08-10,1.0,1.0,1.0,1.0
2014-08-17,1.0,1.0,1.0,1.0
2014-08-24,1.0,1.0,1.0,1.0
2014-08-31,1.0,1.0,1.0,1.0
2014-09-07,1.0,1.0,1.0,1.0
2014-09-14,1.0,1.0,1.0,1.0
2014-09-21,1.0,1.0,1.0,1.0
2014-09-28,1.0,1.0,1.0,1.0
2014-10-05,1.0,1.0,1.0,1.0
2014-10-12,1.0,1.0,1.0,1.0
2014-10-19,1.0,1.0,1.0,1.0
2014-10-26,1.0,1.0,1.0,1.0
2014-11-02,1.0,1.0,1.0,1.0
2014-11-09,1.0,1.0,1.0,1.0
2014-11-16,1.0,1.0,1.0,1.0
2014-11-23,1.0,1.0,1.0,1.0
2014-11-30,1.0,1.0,1.0,1.0
2014-12-07,1.0,1.0,1.0,1.0
2014-12-14,1.0,1.0,1.0,1.0
2014-12-21,1.0,1.0,1.0,1.0
2014-12-28,1.0,1.0,1.0,1.0
2015-01-04,1.0,1.0,1.0,1.0
2015-01-11,1.0,1.0,1.0,1.0
2015-01-18,1.0,1.0,1.0,1.0
2015-01-25,1.0,1.0,1.0,1.0
2015-02-01,1.0,1.0,1.0,1.0
2015-02-08,1.0,1.0,1.0,1.0
2015-02-15,1.0,1.0,1.0,1.0
2015-02-22,1.0,1.0,1.0,1.0
2015-03-01,1.0,1.0,1.0,1.0
2015-03-08,1.0,1.0,1.0,1.0
2015-03-15,1.0,1.0,1.0,1.0
2015-03-22,1.0,1.0,1.0,1.0
2015-03-29,1.0,1.0,1.0,1.0
2015-04-05,1.0,1.0,1.0,1.0
2015-04-12,1.0,1.0,1.0,1.0
2015-04-19,1.0,1.0,1.0,1.0
2015-04-26,1.0,1.0,1.0,1.0
2015-05-03,1.0,1.0,1.0,1.0
2015-05-10,1.0,1.0,1.0,1.0
2015-05-17,1.0,1.0,1.0,1.0
2015-05-24,1.0,1.0,1.0,1.0
2015-05-31,1.0,1.0,1.0,1.0
2015-06-07,1.0,1.0,1.0,1.0
2015-06-14,1.0,1.0,1.0,1.0
2015-06-21,1.0,1.0,1.0,1.0
2015-06-28,1.0,1.0,1.0,1.0
2015-07-05,1.0,1.0,1.0,1.0
2015-07-12,1.0,1.0,1.0,1.0
2015-07-19,1.0,1.0,1.0,1.0
2015-07-26,1.0,1.0,1.0,1.0
2015-08-02,1.0,1.0,1.0,1.0
2015-08-09,1.0,1.0,1.0,1.0
2015-08-16,1.0,1.0,1.0,1.0
2015-08-23,1.0,1.0,1.0,1.0
2015-08-30,1.0,1.0,1.0,1.0
2015-09-06,1.0,1.0,1.0,1.0
2015-09-13,1.0,1.0,1.0,1.0
2015-09-20,1.0,1.0,1.0,1.0
2015-09-27,1.0,1.0,1.0,1.0
2015-10-04,1.0,1.0,1.0,1.0
2015-10-11,1.0,1.0,1.0,1.0
2015-10-18,1.0,1.0,1.0,1.0
2015-10-25,1.0,1.0,1.0,1.0
2015-11-01,1.0,1.0,1.0,1.0
2015-11-08,1.0,1.0,1.0,1.0
2015-11-15,1.0,1.0,1.0,1.0
2015-11-22,1.0,1.0,1.0,1.0
2015-11-29,1.0,1.0,1.0,1.0
2015-12-06,1.0,1.0,1.0,1.0
2015-12-13,1.0,1.0,1.0,1.0
2015-12-20,1.0,1.0,1.0,1.0
2015-12-27,1.0,1.0,1.0,1.0
2016-01-03,1.0,1.0,1.0,1.0
2016-01-10,1.0,1.0,1.0,1.0
2016-01-17,1.0,1.0,1.0,1.0
2016-01-24,1.0,1.0,1.0,1.0
2016-01-31,1.0,1.0,1.0,1.0
2016-02-07,1.0,1.0,1.0,1.0
2016-02-14,1.0,1.0,1.0,1.0
2016-02-21,1.0,1.0,1.0,1.0
2016-02-28,1.0,1.0,1.0,1.0
2016-03-06,1.0,1.0,1.0,1.0
2016-03-13,1.0,1.0,1.0,1.0
2016-03-20,1.0,1.0,1.0,1.0
2016-03-27,1.0,1.0,1.0,1.0
2016-04-03,1.0,1.0,1.0,1.0
2016-04-10,1.0,1.0,1.0,1.0
2016-04-17,1.0,1.0,1.0,1.0
2016-04-24,1.0,1.0,1.0,1.0
2016-05-01,1.0,1.0,1.0,1.0
2016-05-08,1.0,1.0,1.0,1.0
2016-05-15,1.0,1.0,1.0,1.0
2016-05-22,1.0,1.0,1.0,1.0
2016-05-29,1.0,1.0,1.0,1.0
2016-06-05,1.0,1.0,1.0,1.0
2016-06-12,1.0,1.0,1.0,1.0
2016-06-19,1.0,1.0,1.0,1.0
2016-06-26,1.0,1.0,1.0,1.0
2016-07-03,1.0,1.0,1.0,1.0
2016-07-10,1.0,1.0,1.0,1.0
2016-07-17,1.0,1.0,1.0,1.0
2016-07-24,1.0,1.0,1.0,1.0
2016-07-31,1.0,1.0,1.0,1.0
2016-08-07,1.0,1.0,1.0,1.0
2016-08-14,1.0,1.0,1.0,1.0
2016-08-21,1.0,1.0,1.0,1.0
2016-08-28,1.0,1.0,1.0,1.0
2016-09-04,1.0,1.0,1.0,1.0
2016-09-11,1.0,1.0,1.0,1.0
2016-09-18,1.0,1.0,1.0,1.0
2016-09-25,1.0,1.0,1.0,1.0
2016-10-02,1.0,1.0,1.0,1.0
2016-10-09,1.0,1.0,1.0,1.0
2016-10-16,1.0,1.0,1.0,1.0
2016-10-23,1.0,1.0,1.0,1.0
2016-10-30,1.0,1.0,1.0,1.0
2016-11-06,1.0,1.0,1.0,1.0
2016-11-13,1.0,1.0,1.0,1.0
2016-11-20,1.0,1.0,1.0,1.0
2016-11-27,1.0,1.0,1.0,1.0
2016-12-04,1.0,1.0,1.0,1.0
2016-12-11,1.0,1.0,1.0,1.0
2016-12-18,1.0,1.0,1.0,1.0
2016-12-25,1.0,1.0,1.0,1.0
2017-01-01,1.0,1.0,1.0,1.0
2017-01-08,1.0,1.0,1.0,1.0
2017-01-15,1.0,1.0,1.0,1.0
2017-01-22,1.0,1.0,1.0,1.0
2017-01-29,1.0,1.0,1.0,1.0
2017-02-05,1.0,1.0,1.0,1.0
2017-02-12,1.0,1.0,1.0,1.0
2017-02-19,1.0,1.0,1.0,1.0
2017-02-26,1.0,1.0,1.0,1.0
2017-03-05,1.0,1.0,1.0,1.0
2017-03-12,1.0,1.0,1.0,1.0
2017-03-19,1.0,1.0,1.0,1.0
2017-03-26,1.0,1.0,1.0,1.0
2017-04-02,1.0,1.0,1.0,1.0
2017-04-09,1.0,1.0,1.0,1.0
2017-04-16,1.0,1.0,1.0,1.0
2017-04-23,1.0,1.0,1.0,1.0
2017-04-30,1.0,1.0,1.0,1.0
2017-05-07,1.0,1.0,1.0,1.0
2017-05-14,1.0,1.0,1.0,1.0
2017-05-21,1.0,1.0,1.0,1.0
2017-05-28,1.0,1.0,1.0,1.0
2017-06-04,1.0,1.0,1.0,1.0
2017-06-11,1.0,1.0,1.0,1.0
2017-06-18,1.0,1.0,1.0,1.0
2017-06-25,1.0,1.0,1.0,1.0
2017-07-02,1.0,1.0,1.0,1.0
2017-07-09,1.0,1.0,1.0,1.0
2017-07-16,1.0,1.0,1.0,1.0
2017-07-23,1.0,1.0,1.0,1.0
2017-07-30,1.0,1.0,1.0,1.0
2017-08-06,1.0,1.0,1.0,1.0
2017-08-13,1.0,1.0,1.0,1.0
2017-08-20,1.0,1.0,1.0,1.0
2017-08-27,1.0,1.0,1.0,1.0
2017-09-03,1.0,1.0,1.0,1.0
2017-09-10,1.0,1.0,1.0,1.0
2017-09-17,1.0,1.0,1.0,1.0
2017-09-24,1.0,1.0,1.0,1.0
2017-10-01,1.0,1.0,1.0,1.0
2017-10-08,10.39,10.93,10.39,10.77
2017-10-15,10.82,10.86,10.61,10.65
2017-10-22,10.72,10.75,10.62,10.72
2017-10-29,10.75,10.82,10.57,10.78
2017-11-05,10.8,10.9,10.66,10.75
2017-11-12,10.8,10.82,10.65,10.8
2017-11-19,10.77,11.0,10.75,10.99
2017-11-26,10.95,11.47,10.88,11.47
2017-12-03,11.47,12.15,11.3,11.84
2017-12-10,11.91,12.09,11.2,11.46
2017-12-17,11.46,11.58,10.71,10.77
2017-12-24,10.84,11.06,10.72,10.87
2017-12-31,10.88,11.09,10.77,10.88
2018-01-07,10.9025,11.04,10.58,10.62
2018-01-14,10.61,10.89,10.58,10.75
2018-01-21,10.75,10.82,10.71,10.78
2018-01-28,10.75,10.97,10.75,10.85
2018-02-04,10.82,10.9,10.59,10.77
2018-02-11,10.7,10.77,10.45,10.47
2018-02-18,10.56,10.75,10.43,10.65
2018-02-25,10.6425,10.65,10.43,10.47
2018-03-04,10.46,10.59,10.39,10.42
2018-03-11,10.39,10.75,10.38,10.7
2018-03-18,10.52,11.11,10.46,11.11
2018-03-25,10.9,10.9,10.5,10.59
2018-04-01,10.54,10.68,10.4925,10.4925
2018-04-08,10.54,10.61,10.37,10.6
2018-04-15,10.61,10.82,10.37,10.54
2018-04-22,10.58,10.79,10.47,10.67
2018-04-29,10.71,11.08,10.58,11.08
2018-05-06,11.11,11.63,10.94,11.43
2018-05-13,11.11,11.58,11.11,11.57
2018-05-20,11.26,11.56,11.26,11.51
2018-05-27,11.41,11.54,11.12,11.31
2018-06-03,11.195,11.53,10.67,11.52
2018-06-10,11.46,11.47,10.65,10.95
2018-06-17,11.02,11.52,10.89,11.51
2018-06-24,11.35,11.56,10.99,11.53
2018-07-01,11.55,11.56,10.85,11.26
2018-07-08,11.18,11.18,10.69,10.77
2018-07-15,10.82,11.24,10.76,10.85
2018-07-22,11.01,11.11,10.83,10.87
2018-07-29,10.79,11.02,10.7,10.75
2018-08-05,10.75,11.04,10.71,10.81
2018-08-12,10.82,11.0,10.58,10.65
2018-08-19,10.61,10.7,10.51,10.61
2018-08-26,10.57,10.86,10.54,10.75
2018-09-02,10.77,10.8,10.52,10.64
2018-09-09,10.5575,10.6575,10.45,10.5
2018-09-16,10.47,10.8,10.47,10.68
2018-09-23,10.68,10.75,10.44,10.74
2018-09-30,10.75,10.88,10.61,10.83
2018-10-07,10.75,10.75,9.83,10.04
2018-10-14,10.04,10.05,9.43,9.68
2018-10-21,9.68,9.99,9.67,9.68
2018-10-28,9.64,9.81,9.57,9.64
2018-11-04,9.73,9.91,9.61,9.75
2018-11-11,9.7,10.04,9.68,9.93
2018-11-18,9.94,9.96,9.51,9.63
2018-11-25,9.78,9.78,8.99,9.46
2018-12-02,9.46,9.5,9.15,9.42
2018-12-09,9.41,9.48,8.97,9.2
2018-12-16,9.2,9.32,9.03,9.05
2018-12-23,9.07,9.49,9.07,9.3
2018-12-30,9.31,9.35,9.03,9.07
2019-01-06,9.18,9.3,8.94,9.26
2019-01-13,9.33,9.38,8.97,9.06
2019-01-20,9.02,9.29,8.9,9.11
2019-01-27,9.0825,9.28,9.03,9.27
2019-02-03,9.18,9.31,9.13,9.21
2019-02-10,9.22,9.24,9.05,9.05
2019-02-17,9.09,9.39,9.06,9.28
2019-02-24,9.315000000000001,9.46,9.3,9.43
2019-03-03,9.46,9.46,9.33,9.45
2019-03-10,9.41,9.49,9.25,9.3
2019-03-17,9.28,9.89,9.23,9.89
2019-03-24,9.86,10.24,9.36,9.71
2019-03-31,9.81,10.12,9.77,10.0
2019-04-07,10.01,10.19,9.99,10.17
2019-04-14,10.16,10.2,10.06,10.14
2019-04-21,10.17,10.22,10.04,10.1475
2019-04-28,10.12,10.39,10.06,10.34
2019-05-05,10.34,10.55,10.29,10.47
2019-05-12,10.42,10.5,10.33,10.47
2019-05-19,10.44,10.47,10.2,10.22
2019-05-26,10.24,10.29,9.97,10.21
2019-06-02,10.1225,10.32,9.77,10.09
2019-06-09,10.03,10.24,9.92,9.96
2019-06-16,9.95,10.22,9.86,10.04
2019-06-23,10.02,10.19,9.89,10.09
2019-06-30,10.19,10.24,9.96,10.24
2019-07-07,10.24,10.32,10.04,10.16
2019-07-14,10.22,10.39,10.1,10.27
2019-07-21,10.24,10.25,10.03,10.17
2019-07-28,10.2,10.4,10.06,10.32
2019-08-04,10.39,10.43,10.02,10.26
2019-08-11,10.08,10.39,9.82,9.96
2019-08-18,9.96,10.27,9.83,10.14
2019-08-25,10.17,10.39,9.86,9.94
2019-09-01,10.03,10.18,9.93,10.03
2019-09-08,10.024999999999999,10.18,9.89,9.99
2019-09-15,10.04,10.43,10.0,10.34
2019-09-22,10.32,10.54,10.27,10.54
2019-09-29,10.53,10.54,10.07,10.21
2019-10-06,10.35,10.35,9.86,9.89
2019-10-13,9.92,10.18,9.78,9.84
2019-10-20,9.96,10.11,9.82,10.11
2019-10-27,10.16,10.16,9.83,9.99
2019-11-03,9.99,10.1,9.77,9.85
2019-11-10,9.83,10.0,9.81,9.93
2019-11-17,9.93,10.17,9.85,10.11
2019-11-24,10.15,10.39,10.04,10.15
2019-12-01,10.24,10.53,10.09,10.47
2019-12-08,10.41,10.65,10.15,10.5
2019-12-15,10.48,10.57,10.29,10.47
2019-12-22,10.57,10.61,10.39,10.61
2019-12-29,10.57,10.57,10.39,10.57
2020-01-05,10.44,10.58,10.39,10.39
2020-01-12,10.47,10.54,10.32,10.42
2020-01-19,10.53,10.54,10.34,10.47
2020-01-26,10.469999999999999,10.54,10.08,10.3
2020-02-02,10.27,10.43,10.09,10.1
2020-02-09,10.41,10.47,10.11,10.22
2020-02-16,10.07,10.49,10.07,10.36
2020-02-23,10.3575,10.43,10.14,10.4
2020-03-01,10.22,10.49,9.88,10.07
2020-03-08,10.12,10.32,9.08,9.08
2020-03-15,8.87,8.89,6.99,7.69
2020-03-22,7.08,7.56,6.64,7.56
2020-03-29,7.4,8.96,6.89,7.71
2020-04-05,8.21,8.54,5.56,5.61
2020-04-12,5.66,7.04,5.66,6.7875
2020-04-19,6.61,6.83,5.24,5.91
2020-04-26,5.76,6.34,5.39,5.58
2020-05-03,5.7,6.6,5.7,6.5
2020-05-10,6.4,6.59,6.19,6.2
2020-05-17,6.24,6.4,5.34,5.49
2020-05-24,5.6,6.37,5.59,6.3
2020-05-31,6.297499999999999,6.77,6.08,6.41
2020-06-07,6.52,8.11,6.35,7.77
2020-06-14,7.91,7.91,6.79,7.44
2020-06-21,7.23,8.23,7.15,8.01
2020-06-28,7.81,7.87,6.75,7.43
2020-07-05,7.26,7.91,7.15,7.755
2020-07-12,7.62,7.78,6.47,6.96
2020-07-19,6.85,6.97,6.43,6.75
2020-07-26,6.8,7.2,6.8,6.83
2020-08-02,6.89,7.48,6.52,6.52
2020-08-09,6.47,6.54,6.09,6.54
2020-08-16,6.33,6.76,6.28,6.74
2020-08-23,6.49,6.72,6.13,6.32
2020-08-30,6.21,6.45,5.74,5.86
2020-09-06,5.8,6.24,5.79,6.24
2020-09-13,6.09,6.31,6.0,6.13
2020-09-20,6.15,6.38,6.1,6.38
2020-09-27,6.22,6.29,5.89,6.2
2020-10-04,6.3,6.87,6.16,6.82
2020-10-11,6.87,7.2,6.52,6.77
2020-10-18,6.39,7.17,6.32,6.82
2020-10-25,6.62,7.25,6.55,7.19
2020-11-01,7.1,7.17,6.49,6.52
2020-11-08,6.59,7.23,6.5,6.86
2020-11-15,7.17,7.67,6.92,7.66
2020-11-22,7.71,8.06,7.52,7.84
2020-11-29,7.89,8.19,7.76,7.94
2020-12-06,7.86,7.96,7.46,7.96
2020-12-13,7.73,8.18,7.73,8.14
2020-12-20,8.18,8.92,7.84,7.84
2020-12-27,7.81,7.98,7.25,7.425
2021-01-03,7.56,7.66,7.39,7.46
2021-01-10,7.64,7.96,7.11,7.67
2021-01-17,7.46,7.73,7.3,7.31
2021-01-24,7.4225,7.4225,6.92,7.03
2021-01-31,6.97,6.97,6.73,6.75
2021-02-07,6.77,7.03,6.74,6.97
2021-02-14,6.92,7.51,6.92,7.35
2021-02-21,7.29,7.47,7.15,7.46
2021-02-28,7.42,7.84,7.28,7.3
2021-03-07,7.43,8.59,7.25,8.1
2021-03-14,8.09,9.3,8.09,9.3
2021-03-21,9.37,9.37,7.89,7.9
2021-03-28,8.04,8.06,7.63,7.94
2021-04-04,7.99,8.08,7.76,8.040000000000001
2021-04-11,7.89,8.15,7.89,8.05
2021-04-18,8.08,8.1,7.83,8.02
2021-04-25,8.06,8.15,7.81,7.9
2021-05-02,7.87,7.96,7.84,7.94
2021-05-09,7.94,8.15,7.94,8.06
2021-05-16,8.06,8.14,7.9,8.11
2021-05-23,8.45,9.14,8.08,8.31
2021-05-30,8.27,10.67,8.16,10.04
2021-06-06,10.05,10.1075,9.7,9.79
2021-06-13,9.77,9.95,9.64,9.88
2021-06-20,9.84,9.88,9.31,9.46
2021-06-27,9.47,10.48,9.37,9.73
2021-07-04,9.78,9.95,9.58,9.61
2021-07-11,9.685,9.7075,9.18,9.38
2021-07-18,9.36,9.68,9.29,9.39
2021-07-25,9.29,9.74,9.22,9.4
2021-08-01,9.39,9.53,9.28,9.4
2021-08-08,9.35,9.75,9.35,9.62
2021-08-15,9.66,10.31,9.65,9.93
2021-08-22,9.84,9.95,9.69,9.73
2021-08-29,9.71,10.08,9.71,9.89
2021-09-05,9.77,10.08,9.77,10.04
2021-09-12,10.04,10.1,9.9,10.04
2021-09-19,9.72,10.28,9.72,10.28
2021-09-26,10.11,10.49,10.0,10.33
2021-10-03,10.39,10.61,10.18,10.4
2021-10-10,10.27,10.6,10.13,10.57
2021-10-17,10.45,10.46,10.21,10.45
2021-10-24,10.35,10.56,10.28,10.39
2021-10-31,10.47,11.28,10.39,11.12
2021-11-07,10.77,11.29,10.54,10.72
2021-11-14,10.91,11.11,10.91,11.03
2021-11-21,10.93,11.04,10.73,10.84
2021-11-28,10.86,10.9,10.53,10.65
2021-12-05,10.74,10.8,10.39,10.42
2021-12-12,10.42,10.59,10.4,10.55
2021-12-19,10.45,10.67,10.19,10.61
2021-12-26,10.48,10.62,10.35,10.535
2022-01-02,10.54,10.61,10.34,10.39
2022-01-09,10.43,10.72,10.43,10.66
2022-01-16,10.67,11.1,10.61,11.03
2022-01-23,10.92,11.1,10.72,11.1
2022-01-30,11.09,11.16,10.5,10.79
2022-02-06,10.74,10.8,10.58,10.65
2022-02-13,10.65,10.69,10.55,10.6
2022-02-20,10.58,10.72,10.53,10.64
2022-02-27,10.6325,10.72,10.35,10.65
2022-03-06,10.6,10.68,10.21,10.4
2022-03-13,10.45,10.68,10.43,10.56
2022-03-20,10.58,10.63,10.25,10.26
2022-03-27,10.26,10.51,10.26,10.42
2022-04-03,10.4,10.49,10.3,10.44
2022-04-10,10.44,10.49,10.37,10.43
2022-04-17,10.4,10.45,10.34,10.362499999999999
2022-04-24,10.38,10.44,10.35,10.4
2022-05-01,10.36,10.44,10.32,10.4
2022-05-08,10.41,10.42,9.4,9.58
2022-05-15,9.51,9.51,9.13,9.27
2022-05-22,9.28,9.3,9.1,9.17
2022-05-29,9.19,9.61,9.15,9.41
2022-06-05,9.4825,9.7,9.33,9.55
2022-06-12,9.55,9.55,9.16,9.27
2022-06-19,9.35,9.72,9.12,9.65
2022-06-26,9.5625,9.675,9.27,9.37
2022-07-03,9.46,9.51,9.13,9.3
2022-07-10,9.2525,9.32,9.17,9.23
2022-07-17,9.24,9.33,9.13,9.16
2022-07-24,9.2,9.4,9.15,9.31
2022-07-31,9.32,9.4,9.26,9.35
2022-08-07,9.05,9.41,9.05,9.27
2022-08-14,9.27,9.66,9.22,9.51
2022-08-21,9.55,9.89,9.51,9.59
2022-08-28,9.62,9.68,9.35,9.55
2022-09-04,9.55,9.55,9.26,9.29
2022-09-11,9.3775,9.4,9.21,9.4
2022-09-18,9.4,9.55,9.28,9.55
2022-09-25,9.49,9.5,9.23,9.33
2022-10-02,9.4,9.4,9.06,9.16
2022-10-09,9.09,9.31,9.08,9.23
2022-10-16,9.27,9.48,9.13,9.4
2022-10-23,9.4,9.5,9.29,9.36
2022-10-30,9.41,9.42,9.13,9.27
2022-11-06,9.1,9.76,9.1,9.7
2022-11-13,9.67,9.79,9.17,9.77
2022-11-20,9.79,9.82,9.16,9.73
2022-11-27,9.74,9.79,9.7,9.79
2022-12-04,9.8,9.89,9.59,9.85
2022-12-11,9.86,9.9,9.75,9.83
2022-12-18,9.77,9.82,9.3,9.3
2022-12-25,9.3,9.78,9.18,9.51
2023-01-01,9.459999999999999,9.63,9.04,9.32
2023-01-08,9.3275,9.85,9.274999999999999,9.77
2023-01-15,9.77,10.04,9.77,9.98
2023-01-22,9.9325,10.0,9.78,9.96
2023-01-29,9.99,10.04,9.9,9.93
2023-02-05,9.93,9.99,9.1,9.32
2023-02-12,9.35,9.35,9.16,9.2
2023-02-19,9.23,9.25,9.15,9.23
2023-02-26,9.2125,9.31,9.1575,9.29
2023-03-05,9.3,9.38,9.04,9.27
2023-03-12,9.31,9.31,8.06,8.29
2023-03-19,8.1,8.45,7.1,7.98
2023-03-26,8.0,8.17,7.56,7.8
2023-04-02,7.94,8.14,7.71,7.85
2023-04-09,7.84,7.89,7.51,7.64
2023-04-16,7.65,7.68,7.45,7.54
2023-04-23,7.52,7.81,7.41,7.43
2023-04-30,7.47,7.77,7.13,7.47
2023-05-07,7.49,7.49,6.66,7.03
2023-05-14,7.1,7.12,6.51,6.59
2023-05-21,6.58,7.49,6.58,7.43
2023-05-28,7.5,8.18,7.45,7.64
2023-06-04,7.625,8.34,7.455,8.28
2023-06-11,8.27,8.83,8.06,8.74
2023-06-18,8.79,9.205,8.6,8.98
2023-06-25,8.955,9.17,8.41,8.51
2023-07-02,8.75,8.815,8.45,8.69
2023-07-09,8.66,8.975,8.64,8.82
2023-07-16,8.79,9.08,8.645,8.88
2023-07-23,8.86,9.59,8.86,9.4
