date,open,high,low,close
1962-01-07,1.0,1.0,1.0,1.0
1962-01-14,1.0,1.0,1.0,1.0
1962-01-21,1.0,1.0,1.0,1.0
1962-01-28,1.0,1.0,1.0,1.0
1962-02-04,1.0,1.0,1.0,1.0
1962-02-11,1.0,1.0,1.0,1.0
1962-02-18,1.0,1.0,1.0,1.0
1962-02-25,1.0,1.0,1.0,1.0
1962-03-04,1.0,1.0,1.0,1.0
1962-03-11,1.0,1.0,1.0,1.0
1962-03-18,1.0,1.0,1.0,1.0
1962-03-25,1.0,1.0,1.0,1.0
1962-04-01,1.0,1.0,1.0,1.0
1962-04-08,1.0,1.0,1.0,1.0
1962-04-15,1.0,1.0,1.0,1.0
1962-04-22,1.0,1.0,1.0,1.0
1962-04-29,1.0,1.0,1.0,1.0
1962-05-06,1.0,1.0,1.0,1.0
1962-05-13,1.0,1.0,1.0,1.0
1962-05-20,1.0,1.0,1.0,1.0
1962-05-27,1.0,1.0,1.0,1.0
1962-06-03,1.0,1.0,1.0,1.0
1962-06-10,1.0,1.0,1.0,1.0
1962-06-17,1.0,1.0,1.0,1.0
1962-06-24,1.0,1.0,1.0,1.0
1962-07-01,1.0,1.0,1.0,1.0
1962-07-08,1.0,1.0,1.0,1.0
1962-07-15,1.0,1.0,1.0,1.0
1962-07-22,1.0,1.0,1.0,1.0
1962-07-29,1.0,1.0,1.0,1.0
1962-08-05,1.0,1.0,1.0,1.0
1962-08-12,1.0,1.0,1.0,1.0
1962-08-19,1.0,1.0,1.0,1.0
1962-08-26,1.0,1.0,1.0,1.0
1962-09-02,1.0,1.0,1.0,1.0
1962-09-09,1.0,1.0,1.0,1.0
1962-09-16,1.0,1.0,1.0,1.0
1962-09-23,1.0,1.0,1.0,1.0
1962-09-30,1.0,1.0,1.0,1.0
1962-10-07,1.0,1.0,1.0,1.0
1962-10-14,1.0,1.0,1.0,1.0
1962-10-21,1.0,1.0,1.0,1.0
1962-10-28,1.0,1.0,1.0,1.0
1962-11-04,1.0,1.0,1.0,1.0
1962-11-11,1.0,1.0,1.0,1.0
1962-11-18,1.0,1.0,1.0,1.0
1962-11-25,1.0,1.0,1.0,1.0
1962-12-02,1.0,1.0,1.0,1.0
1962-12-09,1.0,1.0,1.0,1.0
1962-12-16,1.0,1.0,1.0,1.0
1962-12-23,1.0,1.0,1.0,1.0
1962-12-30,1.0,1.0,1.0,1.0
1963-01-06,1.0,1.0,1.0,1.0
1963-01-13,1.0,1.0,1.0,1.0
1963-01-20,1.0,1.0,1.0,1.0
1963-01-27,1.0,1.0,1.0,1.0
1963-02-03,1.0,1.0,1.0,1.0
1963-02-10,1.0,1.0,1.0,1.0
1963-02-17,1.0,1.0,1.0,1.0
1963-02-24,1.0,1.0,1.0,1.0
1963-03-03,1.0,1.0,1.0,1.0
1963-03-10,1.0,1.0,1.0,1.0
1963-03-17,1.0,1.0,1.0,1.0
1963-03-24,1.0,1.0,1.0,1.0
1963-03-31,1.0,1.0,1.0,1.0
1963-04-07,1.0,1.0,1.0,1.0
1963-04-14,1.0,1.0,1.0,1.0
1963-04-21,1.0,1.0,1.0,1.0
1963-04-28,1.0,1.0,1.0,1.0
1963-05-05,1.0,1.0,1.0,1.0
1963-05-12,1.0,1.0,1.0,1.0
1963-05-19,1.0,1.0,1.0,1.0
1963-05-26,1.0,1.0,1.0,1.0
1963-06-02,1.0,1.0,1.0,1.0
1963-06-09,1.0,1.0,1.0,1.0
1963-06-16,1.0,1.0,1.0,1.0
1963-06-23,1.0,1.0,1.0,1.0
1963-06-30,1.0,1.0,1.0,1.0
1963-07-07,1.0,1.0,1.0,1.0
1963-07-14,1.0,1.0,1.0,1.0
1963-07-21,1.0,1.0,1.0,1.0
1963-07-28,1.0,1.0,1.0,1.0
1963-08-04,1.0,1.0,1.0,1.0
1963-08-11,1.0,1.0,1.0,1.0
1963-08-18,1.0,1.0,1.0,1.0
1963-08-25,1.0,1.0,1.0,1.0
1963-09-01,1.0,1.0,1.0,1.0
1963-09-08,1.0,1.0,1.0,1.0
1963-09-15,1.0,1.0,1.0,1.0
1963-09-22,1.0,1.0,1.0,1.0
1963-09-29,1.0,1.0,1.0,1.0
1963-10-06,1.0,1.0,1.0,1.0
1963-10-13,1.0,1.0,1.0,1.0
1963-10-20,1.0,1.0,1.0,1.0
1963-10-27,1.0,1.0,1.0,1.0
1963-11-03,1.0,1.0,1.0,1.0
1963-11-10,1.0,1.0,1.0,1.0
1963-11-17,1.0,1.0,1.0,1.0
1963-11-24,1.0,1.0,1.0,1.0
1963-12-01,1.0,1.0,1.0,1.0
1963-12-08,1.0,1.0,1.0,1.0
1963-12-15,1.0,1.0,1.0,1.0
1963-12-22,1.0,1.0,1.0,1.0
1963-12-29,1.0,1.0,1.0,1.0
1964-01-05,1.0,1.0,1.0,1.0
1964-01-12,1.0,1.0,1.0,1.0
1964-01-19,1.0,1.0,1.0,1.0
1964-01-26,1.0,1.0,1.0,1.0
1964-02-02,1.0,1.0,1.0,1.0
1964-02-09,1.0,1.0,1.0,1.0
1964-02-16,1.0,1.0,1.0,1.0
1964-02-23,1.0,1.0,1.0,1.0
1964-03-01,1.0,1.0,1.0,1.0
1964-03-08,1.0,1.0,1.0,1.0
1964-03-15,1.0,1.0,1.0,1.0
1964-03-22,1.0,1.0,1.0,1.0
1964-03-29,1.0,1.0,1.0,1.0
1964-04-05,1.0,1.0,1.0,1.0
1964-04-12,1.0,1.0,1.0,1.0
1964-04-19,1.0,1.0,1.0,1.0
1964-04-26,1.0,1.0,1.0,1.0
1964-05-03,1.0,1.0,1.0,1.0
1964-05-10,1.0,1.0,1.0,1.0
1964-05-17,1.0,1.0,1.0,1.0
1964-05-24,1.0,1.0,1.0,1.0
1964-05-31,1.0,1.0,1.0,1.0
1964-06-07,1.0,1.0,1.0,1.0
1964-06-14,1.0,1.0,1.0,1.0
1964-06-21,1.0,1.0,1.0,1.0
1964-06-28,1.0,1.0,1.0,1.0
1964-07-05,1.0,1.0,1.0,1.0
1964-07-12,1.0,1.0,1.0,1.0
1964-07-19,1.0,1.0,1.0,1.0
1964-07-26,1.0,1.0,1.0,1.0
1964-08-02,1.0,1.0,1.0,1.0
1964-08-09,1.0,1.0,1.0,1.0
1964-08-16,1.0,1.0,1.0,1.0
1964-08-23,1.0,1.0,1.0,1.0
1964-08-30,1.0,1.0,1.0,1.0
1964-09-06,1.0,1.0,1.0,1.0
1964-09-13,1.0,1.0,1.0,1.0
1964-09-20,1.0,1.0,1.0,1.0
1964-09-27,1.0,1.0,1.0,1.0
1964-10-04,1.0,1.0,1.0,1.0
1964-10-11,1.0,1.0,1.0,1.0
1964-10-18,1.0,1.0,1.0,1.0
1964-10-25,1.0,1.0,1.0,1.0
1964-11-01,1.0,1.0,1.0,1.0
1964-11-08,1.0,1.0,1.0,1.0
1964-11-15,1.0,1.0,1.0,1.0
1964-11-22,1.0,1.0,1.0,1.0
1964-11-29,1.0,1.0,1.0,1.0
1964-12-06,1.0,1.0,1.0,1.0
1964-12-13,1.0,1.0,1.0,1.0
1964-12-20,1.0,1.0,1.0,1.0
1964-12-27,1.0,1.0,1.0,1.0
1965-01-03,1.0,1.0,1.0,1.0
1965-01-10,1.0,1.0,1.0,1.0
1965-01-17,1.0,1.0,1.0,1.0
1965-01-24,1.0,1.0,1.0,1.0
1965-01-31,1.0,1.0,1.0,1.0
1965-02-07,1.0,1.0,1.0,1.0
1965-02-14,1.0,1.0,1.0,1.0
1965-02-21,1.0,1.0,1.0,1.0
1965-02-28,1.0,1.0,1.0,1.0
1965-03-07,1.0,1.0,1.0,1.0
1965-03-14,1.0,1.0,1.0,1.0
1965-03-21,1.0,1.0,1.0,1.0
1965-03-28,1.0,1.0,1.0,1.0
1965-04-04,1.0,1.0,1.0,1.0
1965-04-11,1.0,1.0,1.0,1.0
1965-04-18,1.0,1.0,1.0,1.0
1965-04-25,1.0,1.0,1.0,1.0
1965-05-02,1.0,1.0,1.0,1.0
1965-05-09,1.0,1.0,1.0,1.0
1965-05-16,1.0,1.0,1.0,1.0
1965-05-23,1.0,1.0,1.0,1.0
1965-05-30,1.0,1.0,1.0,1.0
1965-06-06,1.0,1.0,1.0,1.0
1965-06-13,1.0,1.0,1.0,1.0
1965-06-20,1.0,1.0,1.0,1.0
1965-06-27,1.0,1.0,1.0,1.0
1965-07-04,1.0,1.0,1.0,1.0
1965-07-11,1.0,1.0,1.0,1.0
1965-07-18,1.0,1.0,1.0,1.0
1965-07-25,1.0,1.0,1.0,1.0
1965-08-01,1.0,1.0,1.0,1.0
1965-08-08,1.0,1.0,1.0,1.0
1965-08-15,1.0,1.0,1.0,1.0
1965-08-22,1.0,1.0,1.0,1.0
1965-08-29,1.0,1.0,1.0,1.0
1965-09-05,1.0,1.0,1.0,1.0
1965-09-12,1.0,1.0,1.0,1.0
1965-09-19,1.0,1.0,1.0,1.0
1965-09-26,1.0,1.0,1.0,1.0
1965-10-03,1.0,1.0,1.0,1.0
1965-10-10,1.0,1.0,1.0,1.0
1965-10-17,1.0,1.0,1.0,1.0
1965-10-24,1.0,1.0,1.0,1.0
1965-10-31,1.0,1.0,1.0,1.0
1965-11-07,1.0,1.0,1.0,1.0
1965-11-14,1.0,1.0,1.0,1.0
1965-11-21,1.0,1.0,1.0,1.0
1965-11-28,1.0,1.0,1.0,1.0
1965-12-05,1.0,1.0,1.0,1.0
1965-12-12,1.0,1.0,1.0,1.0
1965-12-19,1.0,1.0,1.0,1.0
1965-12-26,1.0,1.0,1.0,1.0
1966-01-02,1.0,1.0,1.0,1.0
1966-01-09,1.0,1.0,1.0,1.0
1966-01-16,1.0,1.0,1.0,1.0
1966-01-23,1.0,1.0,1.0,1.0
1966-01-30,1.0,1.0,1.0,1.0
1966-02-06,1.0,1.0,1.0,1.0
1966-02-13,1.0,1.0,1.0,1.0
1966-02-20,1.0,1.0,1.0,1.0
1966-02-27,1.0,1.0,1.0,1.0
1966-03-06,1.0,1.0,1.0,1.0
1966-03-13,1.0,1.0,1.0,1.0
1966-03-20,1.0,1.0,1.0,1.0
1966-03-27,1.0,1.0,1.0,1.0
1966-04-03,1.0,1.0,1.0,1.0
1966-04-10,1.0,1.0,1.0,1.0
1966-04-17,1.0,1.0,1.0,1.0
1966-04-24,1.0,1.0,1.0,1.0
1966-05-01,1.0,1.0,1.0,1.0
1966-05-08,1.0,1.0,1.0,1.0
1966-05-15,1.0,1.0,1.0,1.0
1966-05-22,1.0,1.0,1.0,1.0
1966-05-29,1.0,1.0,1.0,1.0
1966-06-05,1.0,1.0,1.0,1.0
1966-06-12,1.0,1.0,1.0,1.0
1966-06-19,1.0,1.0,1.0,1.0
1966-06-26,1.0,1.0,1.0,1.0
1966-07-03,1.0,1.0,1.0,1.0
1966-07-10,1.0,1.0,1.0,1.0
1966-07-17,1.0,1.0,1.0,1.0
1966-07-24,1.0,1.0,1.0,1.0
1966-07-31,1.0,1.0,1.0,1.0
1966-08-07,1.0,1.0,1.0,1.0
1966-08-14,1.0,1.0,1.0,1.0
1966-08-21,1.0,1.0,1.0,1.0
1966-08-28,1.0,1.0,1.0,1.0
1966-09-04,1.0,1.0,1.0,1.0
1966-09-11,1.0,1.0,1.0,1.0
1966-09-18,1.0,1.0,1.0,1.0
1966-09-25,1.0,1.0,1.0,1.0
1966-10-02,1.0,1.0,1.0,1.0
1966-10-09,1.0,1.0,1.0,1.0
1966-10-16,1.0,1.0,1.0,1.0
1966-10-23,1.0,1.0,1.0,1.0
1966-10-30,1.0,1.0,1.0,1.0
1966-11-06,1.0,1.0,1.0,1.0
1966-11-13,1.0,1.0,1.0,1.0
1966-11-20,1.0,1.0,1.0,1.0
1966-11-27,1.0,1.0,1.0,1.0
1966-12-04,1.0,1.0,1.0,1.0
1966-12-11,1.0,1.0,1.0,1.0
1966-12-18,1.0,1.0,1.0,1.0
1966-12-25,1.0,1.0,1.0,1.0
1967-01-01,1.0,1.0,1.0,1.0
1967-01-08,1.0,1.0,1.0,1.0
1967-01-15,1.0,1.0,1.0,1.0
1967-01-22,1.0,1.0,1.0,1.0
1967-01-29,1.0,1.0,1.0,1.0
1967-02-05,1.0,1.0,1.0,1.0
1967-02-12,1.0,1.0,1.0,1.0
1967-02-19,1.0,1.0,1.0,1.0
1967-02-26,1.0,1.0,1.0,1.0
1967-03-05,1.0,1.0,1.0,1.0
1967-03-12,1.0,1.0,1.0,1.0
1967-03-19,1.0,1.0,1.0,1.0
1967-03-26,1.0,1.0,1.0,1.0
1967-04-02,1.0,1.0,1.0,1.0
1967-04-09,1.0,1.0,1.0,1.0
1967-04-16,1.0,1.0,1.0,1.0
1967-04-23,1.0,1.0,1.0,1.0
1967-04-30,1.0,1.0,1.0,1.0
1967-05-07,1.0,1.0,1.0,1.0
1967-05-14,1.0,1.0,1.0,1.0
1967-05-21,1.0,1.0,1.0,1.0
1967-05-28,1.0,1.0,1.0,1.0
1967-06-04,1.0,1.0,1.0,1.0
1967-06-11,1.0,1.0,1.0,1.0
1967-06-18,1.0,1.0,1.0,1.0
1967-06-25,1.0,1.0,1.0,1.0
1967-07-02,1.0,1.0,1.0,1.0
1967-07-09,1.0,1.0,1.0,1.0
1967-07-16,1.0,1.0,1.0,1.0
1967-07-23,1.0,1.0,1.0,1.0
1967-07-30,1.0,1.0,1.0,1.0
1967-08-06,1.0,1.0,1.0,1.0
1967-08-13,1.0,1.0,1.0,1.0
1967-08-20,1.0,1.0,1.0,1.0
1967-08-27,1.0,1.0,1.0,1.0
1967-09-03,1.0,1.0,1.0,1.0
1967-09-10,1.0,1.0,1.0,1.0
1967-09-17,1.0,1.0,1.0,1.0
1967-09-24,1.0,1.0,1.0,1.0
1967-10-01,1.0,1.0,1.0,1.0
1967-10-08,1.0,1.0,1.0,1.0
1967-10-15,1.0,1.0,1.0,1.0
1967-10-22,1.0,1.0,1.0,1.0
1967-10-29,1.0,1.0,1.0,1.0
1967-11-05,1.0,1.0,1.0,1.0
1967-11-12,1.0,1.0,1.0,1.0
1967-11-19,1.0,1.0,1.0,1.0
1967-11-26,1.0,1.0,1.0,1.0
1967-12-03,1.0,1.0,1.0,1.0
1967-12-10,1.0,1.0,1.0,1.0
1967-12-17,1.0,1.0,1.0,1.0
1967-12-24,1.0,1.0,1.0,1.0
1967-12-31,1.0,1.0,1.0,1.0
1968-01-07,1.0,1.0,1.0,1.0
1968-01-14,1.0,1.0,1.0,1.0
1968-01-21,1.0,1.0,1.0,1.0
1968-01-28,1.0,1.0,1.0,1.0
1968-02-04,1.0,1.0,1.0,1.0
1968-02-11,1.0,1.0,1.0,1.0
1968-02-18,1.0,1.0,1.0,1.0
1968-02-25,1.0,1.0,1.0,1.0
1968-03-03,1.0,1.0,1.0,1.0
1968-03-10,1.0,1.0,1.0,1.0
1968-03-17,1.0,1.0,1.0,1.0
1968-03-24,1.0,1.0,1.0,1.0
1968-03-31,1.0,1.0,1.0,1.0
1968-04-07,1.0,1.0,1.0,1.0
1968-04-14,1.0,1.0,1.0,1.0
1968-04-21,1.0,1.0,1.0,1.0
1968-04-28,1.0,1.0,1.0,1.0
1968-05-05,1.0,1.0,1.0,1.0
1968-05-12,1.0,1.0,1.0,1.0
1968-05-19,1.0,1.0,1.0,1.0
1968-05-26,1.0,1.0,1.0,1.0
1968-06-02,1.0,1.0,1.0,1.0
1968-06-09,1.0,1.0,1.0,1.0
1968-06-16,1.0,1.0,1.0,1.0
1968-06-23,1.0,1.0,1.0,1.0
1968-06-30,1.0,1.0,1.0,1.0
1968-07-07,1.0,1.0,1.0,1.0
1968-07-14,1.0,1.0,1.0,1.0
1968-07-21,1.0,1.0,1.0,1.0
1968-07-28,1.0,1.0,1.0,1.0
1968-08-04,1.0,1.0,1.0,1.0
1968-08-11,1.0,1.0,1.0,1.0
1968-08-18,1.0,1.0,1.0,1.0
1968-08-25,1.0,1.0,1.0,1.0
1968-09-01,1.0,1.0,1.0,1.0
1968-09-08,1.0,1.0,1.0,1.0
1968-09-15,1.0,1.0,1.0,1.0
1968-09-22,1.0,1.0,1.0,1.0
1968-09-29,1.0,1.0,1.0,1.0
1968-10-06,1.0,1.0,1.0,1.0
1968-10-13,1.0,1.0,1.0,1.0
1968-10-20,1.0,1.0,1.0,1.0
1968-10-27,1.0,1.0,1.0,1.0
1968-11-03,1.0,1.0,1.0,1.0
1968-11-10,1.0,1.0,1.0,1.0
1968-11-17,1.0,1.0,1.0,1.0
1968-11-24,1.0,1.0,1.0,1.0
1968-12-01,1.0,1.0,1.0,1.0
1968-12-08,1.0,1.0,1.0,1.0
1968-12-15,1.0,1.0,1.0,1.0
1968-12-22,1.0,1.0,1.0,1.0
1968-12-29,1.0,1.0,1.0,1.0
1969-01-05,1.0,1.0,1.0,1.0
1969-01-12,1.0,1.0,1.0,1.0
1969-01-19,1.0,1.0,1.0,1.0
1969-01-26,1.0,1.0,1.0,1.0
1969-02-02,1.0,1.0,1.0,1.0
1969-02-09,1.0,1.0,1.0,1.0
1969-02-16,1.0,1.0,1.0,1.0
1969-02-23,1.0,1.0,1.0,1.0
1969-03-02,1.0,1.0,1.0,1.0
1969-03-09,1.0,1.0,1.0,1.0
1969-03-16,1.0,1.0,1.0,1.0
1969-03-23,1.0,1.0,1.0,1.0
1969-03-30,1.0,1.0,1.0,1.0
1969-04-06,1.0,1.0,1.0,1.0
1969-04-13,1.0,1.0,1.0,1.0
1969-04-20,1.0,1.0,1.0,1.0
1969-04-27,1.0,1.0,1.0,1.0
1969-05-04,1.0,1.0,1.0,1.0
1969-05-11,1.0,1.0,1.0,1.0
1969-05-18,1.0,1.0,1.0,1.0
1969-05-25,1.0,1.0,1.0,1.0
1969-06-01,1.0,1.0,1.0,1.0
1969-06-08,1.0,1.0,1.0,1.0
1969-06-15,1.0,1.0,1.0,1.0
1969-06-22,1.0,1.0,1.0,1.0
1969-06-29,1.0,1.0,1.0,1.0
1969-07-06,1.0,1.0,1.0,1.0
1969-07-13,1.0,1.0,1.0,1.0
1969-07-20,1.0,1.0,1.0,1.0
1969-07-27,1.0,1.0,1.0,1.0
1969-08-03,1.0,1.0,1.0,1.0
1969-08-10,1.0,1.0,1.0,1.0
1969-08-17,1.0,1.0,1.0,1.0
1969-08-24,1.0,1.0,1.0,1.0
1969-08-31,1.0,1.0,1.0,1.0
1969-09-07,1.0,1.0,1.0,1.0
1969-09-14,1.0,1.0,1.0,1.0
1969-09-21,1.0,1.0,1.0,1.0
1969-09-28,1.0,1.0,1.0,1.0
1969-10-05,1.0,1.0,1.0,1.0
1969-10-12,1.0,1.0,1.0,1.0
1969-10-19,1.0,1.0,1.0,1.0
1969-10-26,1.0,1.0,1.0,1.0
1969-11-02,1.0,1.0,1.0,1.0
1969-11-09,1.0,1.0,1.0,1.0
1969-11-16,1.0,1.0,1.0,1.0
1969-11-23,1.0,1.0,1.0,1.0
1969-11-30,1.0,1.0,1.0,1.0
1969-12-07,1.0,1.0,1.0,1.0
1969-12-14,1.0,1.0,1.0,1.0
1969-12-21,1.0,1.0,1.0,1.0
1969-12-28,1.0,1.0,1.0,1.0
1970-01-04,1.0,1.0,1.0,1.0
1970-01-11,1.0,1.0,1.0,1.0
1970-01-18,1.0,1.0,1.0,1.0
1970-01-25,1.0,1.0,1.0,1.0
1970-02-01,1.0,1.0,1.0,1.0
1970-02-08,1.0,1.0,1.0,1.0
1970-02-15,1.0,1.0,1.0,1.0
1970-02-22,1.0,1.0,1.0,1.0
1970-03-01,1.0,1.0,1.0,1.0
1970-03-08,1.0,1.0,1.0,1.0
1970-03-15,1.0,1.0,1.0,1.0
1970-03-22,1.0,1.0,1.0,1.0
1970-03-29,1.0,1.0,1.0,1.0
1970-04-05,1.0,1.0,1.0,1.0
1970-04-12,1.0,1.0,1.0,1.0
1970-04-19,1.0,1.0,1.0,1.0
1970-04-26,1.0,1.0,1.0,1.0
1970-05-03,1.0,1.0,1.0,1.0
1970-05-10,1.0,1.0,1.0,1.0
1970-05-17,1.0,1.0,1.0,1.0
1970-05-24,1.0,1.0,1.0,1.0
1970-05-31,1.0,1.0,1.0,1.0
1970-06-07,1.0,1.0,1.0,1.0
1970-06-14,1.0,1.0,1.0,1.0
1970-06-21,1.0,1.0,1.0,1.0
1970-06-28,1.0,1.0,1.0,1.0
1970-07-05,1.0,1.0,1.0,1.0
1970-07-12,1.0,1.0,1.0,1.0
1970-07-19,1.0,1.0,1.0,1.0
1970-07-26,1.0,1.0,1.0,1.0
1970-08-02,1.0,1.0,1.0,1.0
1970-08-09,1.0,1.0,1.0,1.0
1970-08-16,1.0,1.0,1.0,1.0
1970-08-23,1.0,1.0,1.0,1.0
1970-08-30,1.0,1.0,1.0,1.0
1970-09-06,1.0,1.0,1.0,1.0
1970-09-13,1.0,1.0,1.0,1.0
1970-09-20,1.0,1.0,1.0,1.0
1970-09-27,1.0,1.0,1.0,1.0
1970-10-04,1.0,1.0,1.0,1.0
1970-10-11,1.0,1.0,1.0,1.0
1970-10-18,1.0,1.0,1.0,1.0
1970-10-25,1.0,1.0,1.0,1.0
1970-11-01,1.0,1.0,1.0,1.0
1970-11-08,1.0,1.0,1.0,1.0
1970-11-15,1.0,1.0,1.0,1.0
1970-11-22,1.0,1.0,1.0,1.0
1970-11-29,1.0,1.0,1.0,1.0
1970-12-06,1.0,1.0,1.0,1.0
1970-12-13,1.0,1.0,1.0,1.0
1970-12-20,1.0,1.0,1.0,1.0
1970-12-27,1.0,1.0,1.0,1.0
1971-01-03,1.0,1.0,1.0,1.0
1971-01-10,1.0,1.0,1.0,1.0
1971-01-17,1.0,1.0,1.0,1.0
1971-01-24,1.0,1.0,1.0,1.0
1971-01-31,1.0,1.0,1.0,1.0
1971-02-07,1.0,1.0,1.0,1.0
1971-02-14,1.0,1.0,1.0,1.0
1971-02-21,1.0,1.0,1.0,1.0
1971-02-28,1.0,1.0,1.0,1.0
1971-03-07,1.0,1.0,1.0,1.0
1971-03-14,1.0,1.0,1.0,1.0
1971-03-21,1.0,1.0,1.0,1.0
1971-03-28,1.0,1.0,1.0,1.0
1971-04-04,1.0,1.0,1.0,1.0
1971-04-11,1.0,1.0,1.0,1.0
1971-04-18,1.0,1.0,1.0,1.0
1971-04-25,1.0,1.0,1.0,1.0
1971-05-02,1.0,1.0,1.0,1.0
1971-05-09,1.0,1.0,1.0,1.0
1971-05-16,1.0,1.0,1.0,1.0
1971-05-23,1.0,1.0,1.0,1.0
1971-05-30,1.0,1.0,1.0,1.0
1971-06-06,1.0,1.0,1.0,1.0
1971-06-13,1.0,1.0,1.0,1.0
1971-06-20,1.0,1.0,1.0,1.0
1971-06-27,1.0,1.0,1.0,1.0
1971-07-04,1.0,1.0,1.0,1.0
1971-07-11,1.0,1.0,1.0,1.0
1971-07-18,1.0,1.0,1.0,1.0
1971-07-25,1.0,1.0,1.0,1.0
1971-08-01,1.0,1.0,1.0,1.0
1971-08-08,1.0,1.0,1.0,1.0
1971-08-15,1.0,1.0,1.0,1.0
1971-08-22,1.0,1.0,1.0,1.0
1971-08-29,1.0,1.0,1.0,1.0
1971-09-05,1.0,1.0,1.0,1.0
1971-09-12,1.0,1.0,1.0,1.0
1971-09-19,1.0,1.0,1.0,1.0
1971-09-26,1.0,1.0,1.0,1.0
1971-10-03,1.0,1.0,1.0,1.0
1971-10-10,1.0,1.0,1.0,1.0
1971-10-17,1.0,1.0,1.0,1.0
1971-10-24,1.0,1.0,1.0,1.0
1971-10-31,1.0,1.0,1.0,1.0
1971-11-07,1.0,1.0,1.0,1.0
1971-11-14,1.0,1.0,1.0,1.0
1971-11-21,1.0,1.0,1.0,1.0
1971-11-28,1.0,1.0,1.0,1.0
1971-12-05,1.0,1.0,1.0,1.0
1971-12-12,1.0,1.0,1.0,1.0
1971-12-19,1.0,1.0,1.0,1.0
1971-12-26,1.0,1.0,1.0,1.0
1972-01-02,1.0,1.0,1.0,1.0
1972-01-09,1.0,1.0,1.0,1.0
1972-01-16,1.0,1.0,1.0,1.0
1972-01-23,1.0,1.0,1.0,1.0
1972-01-30,1.0,1.0,1.0,1.0
1972-02-06,1.0,1.0,1.0,1.0
1972-02-13,1.0,1.0,1.0,1.0
1972-02-20,1.0,1.0,1.0,1.0
1972-02-27,1.0,1.0,1.0,1.0
1972-03-05,1.0,1.0,1.0,1.0
1972-03-12,1.0,1.0,1.0,1.0
1972-03-19,1.0,1.0,1.0,1.0
1972-03-26,1.0,1.0,1.0,1.0
1972-04-02,1.0,1.0,1.0,1.0
1972-04-09,1.0,1.0,1.0,1.0
1972-04-16,1.0,1.0,1.0,1.0
1972-04-23,1.0,1.0,1.0,1.0
1972-04-30,1.0,1.0,1.0,1.0
1972-05-07,1.0,1.0,1.0,1.0
1972-05-14,1.0,1.0,1.0,1.0
1972-05-21,1.0,1.0,1.0,1.0
1972-05-28,1.0,1.0,1.0,1.0
1972-06-04,1.0,1.0,1.0,1.0
1972-06-11,1.0,1.0,1.0,1.0
1972-06-18,1.0,1.0,1.0,1.0
1972-06-25,1.0,1.0,1.0,1.0
1972-07-02,1.0,1.0,1.0,1.0
1972-07-09,1.0,1.0,1.0,1.0
1972-07-16,1.0,1.0,1.0,1.0
1972-07-23,1.0,1.0,1.0,1.0
1972-07-30,1.0,1.0,1.0,1.0
1972-08-06,1.0,1.0,1.0,1.0
1972-08-13,1.0,1.0,1.0,1.0
1972-08-20,1.0,1.0,1.0,1.0
1972-08-27,1.0,1.0,1.0,1.0
1972-09-03,1.0,1.0,1.0,1.0
1972-09-10,1.0,1.0,1.0,1.0
1972-09-17,1.0,1.0,1.0,1.0
1972-09-24,1.0,1.0,1.0,1.0
1972-10-01,1.0,1.0,1.0,1.0
1972-10-08,1.0,1.0,1.0,1.0
1972-10-15,1.0,1.0,1.0,1.0
1972-10-22,1.0,1.0,1.0,1.0
1972-10-29,1.0,1.0,1.0,1.0
1972-11-05,1.0,1.0,1.0,1.0
1972-11-12,1.0,1.0,1.0,1.0
1972-11-19,1.0,1.0,1.0,1.0
1972-11-26,1.0,1.0,1.0,1.0
1972-12-03,1.0,1.0,1.0,1.0
1972-12-10,1.0,1.0,1.0,1.0
1972-12-17,1.0,1.0,1.0,1.0
1972-12-24,1.0,1.0,1.0,1.0
1972-12-31,1.0,1.0,1.0,1.0
1973-01-07,1.0,1.0,1.0,1.0
1973-01-14,1.0,1.0,1.0,1.0
1973-01-21,1.0,1.0,1.0,1.0
1973-01-28,1.0,1.0,1.0,1.0
1973-02-04,1.0,1.0,1.0,1.0
1973-02-11,1.0,1.0,1.0,1.0
1973-02-18,1.0,1.0,1.0,1.0
1973-02-25,1.0,1.0,1.0,1.0
1973-03-04,1.0,1.0,1.0,1.0
1973-03-11,1.0,1.0,1.0,1.0
1973-03-18,1.0,1.0,1.0,1.0
1973-03-25,1.0,1.0,1.0,1.0
1973-04-01,1.0,1.0,1.0,1.0
1973-04-08,1.0,1.0,1.0,1.0
1973-04-15,1.0,1.0,1.0,1.0
1973-04-22,1.0,1.0,1.0,1.0
1973-04-29,1.0,1.0,1.0,1.0
1973-05-06,1.0,1.0,1.0,1.0
1973-05-13,1.0,1.0,1.0,1.0
1973-05-20,1.0,1.0,1.0,1.0
1973-05-27,1.0,1.0,1.0,1.0
1973-06-03,1.0,1.0,1.0,1.0
1973-06-10,1.0,1.0,1.0,1.0
1973-06-17,1.0,1.0,1.0,1.0
1973-06-24,1.0,1.0,1.0,1.0
1973-07-01,1.0,1.0,1.0,1.0
1973-07-08,1.0,1.0,1.0,1.0
1973-07-15,1.0,1.0,1.0,1.0
1973-07-22,1.0,1.0,1.0,1.0
1973-07-29,1.0,1.0,1.0,1.0
1973-08-05,1.0,1.0,1.0,1.0
1973-08-12,1.0,1.0,1.0,1.0
1973-08-19,1.0,1.0,1.0,1.0
1973-08-26,1.0,1.0,1.0,1.0
1973-09-02,1.0,1.0,1.0,1.0
1973-09-09,1.0,1.0,1.0,1.0
1973-09-16,1.0,1.0,1.0,1.0
1973-09-23,1.0,1.0,1.0,1.0
1973-09-30,1.0,1.0,1.0,1.0
1973-10-07,1.0,1.0,1.0,1.0
1973-10-14,1.0,1.0,1.0,1.0
1973-10-21,1.0,1.0,1.0,1.0
1973-10-28,1.0,1.0,1.0,1.0
1973-11-04,1.0,1.0,1.0,1.0
1973-11-11,1.0,1.0,1.0,1.0
1973-11-18,1.0,1.0,1.0,1.0
1973-11-25,1.0,1.0,1.0,1.0
1973-12-02,1.0,1.0,1.0,1.0
1973-12-09,1.0,1.0,1.0,1.0
1973-12-16,1.0,1.0,1.0,1.0
1973-12-23,1.0,1.0,1.0,1.0
1973-12-30,1.0,1.0,1.0,1.0
1974-01-06,1.0,1.0,1.0,1.0
1974-01-13,1.0,1.0,1.0,1.0
1974-01-20,1.0,1.0,1.0,1.0
1974-01-27,1.0,1.0,1.0,1.0
1974-02-03,1.0,1.0,1.0,1.0
1974-02-10,1.0,1.0,1.0,1.0
1974-02-17,1.0,1.0,1.0,1.0
1974-02-24,1.0,1.0,1.0,1.0
1974-03-03,1.0,1.0,1.0,1.0
1974-03-10,1.0,1.0,1.0,1.0
1974-03-17,1.0,1.0,1.0,1.0
1974-03-24,1.0,1.0,1.0,1.0
1974-03-31,1.0,1.0,1.0,1.0
1974-04-07,1.0,1.0,1.0,1.0
1974-04-14,1.0,1.0,1.0,1.0
1974-04-21,1.0,1.0,1.0,1.0
1974-04-28,1.0,1.0,1.0,1.0
1974-05-05,1.0,1.0,1.0,1.0
1974-05-12,1.0,1.0,1.0,1.0
1974-05-19,1.0,1.0,1.0,1.0
1974-05-26,1.0,1.0,1.0,1.0
1974-06-02,1.0,1.0,1.0,1.0
1974-06-09,1.0,1.0,1.0,1.0
1974-06-16,1.0,1.0,1.0,1.0
1974-06-23,1.0,1.0,1.0,1.0
1974-06-30,1.0,1.0,1.0,1.0
1974-07-07,1.0,1.0,1.0,1.0
1974-07-14,1.0,1.0,1.0,1.0
1974-07-21,1.0,1.0,1.0,1.0
1974-07-28,1.0,1.0,1.0,1.0
1974-08-04,1.0,1.0,1.0,1.0
1974-08-11,1.0,1.0,1.0,1.0
1974-08-18,1.0,1.0,1.0,1.0
1974-08-25,1.0,1.0,1.0,1.0
1974-09-01,1.0,1.0,1.0,1.0
1974-09-08,1.0,1.0,1.0,1.0
1974-09-15,1.0,1.0,1.0,1.0
1974-09-22,1.0,1.0,1.0,1.0
1974-09-29,1.0,1.0,1.0,1.0
1974-10-06,1.0,1.0,1.0,1.0
1974-10-13,1.0,1.0,1.0,1.0
1974-10-20,1.0,1.0,1.0,1.0
1974-10-27,1.0,1.0,1.0,1.0
1974-11-03,1.0,1.0,1.0,1.0
1974-11-10,1.0,1.0,1.0,1.0
1974-11-17,1.0,1.0,1.0,1.0
1974-11-24,1.0,1.0,1.0,1.0
1974-12-01,1.0,1.0,1.0,1.0
1974-12-08,1.0,1.0,1.0,1.0
1974-12-15,1.0,1.0,1.0,1.0
1974-12-22,1.0,1.0,1.0,1.0
1974-12-29,1.0,1.0,1.0,1.0
1975-01-05,1.0,1.0,1.0,1.0
1975-01-12,1.0,1.0,1.0,1.0
1975-01-19,1.0,1.0,1.0,1.0
1975-01-26,1.0,1.0,1.0,1.0
1975-02-02,1.0,1.0,1.0,1.0
1975-02-09,1.0,1.0,1.0,1.0
1975-02-16,1.0,1.0,1.0,1.0
1975-02-23,1.0,1.0,1.0,1.0
1975-03-02,1.0,1.0,1.0,1.0
1975-03-09,1.0,1.0,1.0,1.0
1975-03-16,1.0,1.0,1.0,1.0
1975-03-23,1.0,1.0,1.0,1.0
1975-03-30,1.0,1.0,1.0,1.0
1975-04-06,1.0,1.0,1.0,1.0
1975-04-13,1.0,1.0,1.0,1.0
1975-04-20,1.0,1.0,1.0,1.0
1975-04-27,1.0,1.0,1.0,1.0
1975-05-04,1.0,1.0,1.0,1.0
1975-05-11,1.0,1.0,1.0,1.0
1975-05-18,1.0,1.0,1.0,1.0
1975-05-25,1.0,1.0,1.0,1.0
1975-06-01,1.0,1.0,1.0,1.0
1975-06-08,1.0,1.0,1.0,1.0
1975-06-15,1.0,1.0,1.0,1.0
1975-06-22,1.0,1.0,1.0,1.0
1975-06-29,1.0,1.0,1.0,1.0
1975-07-06,1.0,1.0,1.0,1.0
1975-07-13,1.0,1.0,1.0,1.0
1975-07-20,1.0,1.0,1.0,1.0
1975-07-27,1.0,1.0,1.0,1.0
1975-08-03,1.0,1.0,1.0,1.0
1975-08-10,1.0,1.0,1.0,1.0
1975-08-17,1.0,1.0,1.0,1.0
1975-08-24,1.0,1.0,1.0,1.0
1975-08-31,1.0,1.0,1.0,1.0
1975-09-07,1.0,1.0,1.0,1.0
1975-09-14,1.0,1.0,1.0,1.0
1975-09-21,1.0,1.0,1.0,1.0
1975-09-28,1.0,1.0,1.0,1.0
1975-10-05,1.0,1.0,1.0,1.0
1975-10-12,1.0,1.0,1.0,1.0
1975-10-19,1.0,1.0,1.0,1.0
1975-10-26,1.0,1.0,1.0,1.0
1975-11-02,1.0,1.0,1.0,1.0
1975-11-09,1.0,1.0,1.0,1.0
1975-11-16,1.0,1.0,1.0,1.0
1975-11-23,1.0,1.0,1.0,1.0
1975-11-30,1.0,1.0,1.0,1.0
1975-12-07,1.0,1.0,1.0,1.0
1975-12-14,1.0,1.0,1.0,1.0
1975-12-21,1.0,1.0,1.0,1.0
1975-12-28,1.0,1.0,1.0,1.0
1976-01-04,1.0,1.0,1.0,1.0
1976-01-11,1.0,1.0,1.0,1.0
1976-01-18,1.0,1.0,1.0,1.0
1976-01-25,1.0,1.0,1.0,1.0
1976-02-01,1.0,1.0,1.0,1.0
1976-02-08,1.0,1.0,1.0,1.0
1976-02-15,1.0,1.0,1.0,1.0
1976-02-22,1.0,1.0,1.0,1.0
1976-02-29,1.0,1.0,1.0,1.0
1976-03-07,1.0,1.0,1.0,1.0
1976-03-14,1.0,1.0,1.0,1.0
1976-03-21,1.0,1.0,1.0,1.0
1976-03-28,1.0,1.0,1.0,1.0
1976-04-04,1.0,1.0,1.0,1.0
1976-04-11,1.0,1.0,1.0,1.0
1976-04-18,1.0,1.0,1.0,1.0
1976-04-25,1.0,1.0,1.0,1.0
1976-05-02,1.0,1.0,1.0,1.0
1976-05-09,1.0,1.0,1.0,1.0
1976-05-16,1.0,1.0,1.0,1.0
1976-05-23,1.0,1.0,1.0,1.0
1976-05-30,1.0,1.0,1.0,1.0
1976-06-06,1.0,1.0,1.0,1.0
1976-06-13,1.0,1.0,1.0,1.0
1976-06-20,1.0,1.0,1.0,1.0
1976-06-27,1.0,1.0,1.0,1.0
1976-07-04,1.0,1.0,1.0,1.0
1976-07-11,1.0,1.0,1.0,1.0
1976-07-18,1.0,1.0,1.0,1.0
1976-07-25,1.0,1.0,1.0,1.0
1976-08-01,1.0,1.0,1.0,1.0
1976-08-08,1.0,1.0,1.0,1.0
1976-08-15,1.0,1.0,1.0,1.0
1976-08-22,1.0,1.0,1.0,1.0
1976-08-29,1.0,1.0,1.0,1.0
1976-09-05,1.0,1.0,1.0,1.0
1976-09-12,1.0,1.0,1.0,1.0
1976-09-19,1.0,1.0,1.0,1.0
1976-09-26,1.0,1.0,1.0,1.0
1976-10-03,1.0,1.0,1.0,1.0
1976-10-10,1.0,1.0,1.0,1.0
1976-10-17,1.0,1.0,1.0,1.0
1976-10-24,1.0,1.0,1.0,1.0
1976-10-31,1.0,1.0,1.0,1.0
1976-11-07,1.0,1.0,1.0,1.0
1976-11-14,1.0,1.0,1.0,1.0
1976-11-21,1.0,1.0,1.0,1.0
1976-11-28,1.0,1.0,1.0,1.0
1976-12-05,1.0,1.0,1.0,1.0
1976-12-12,1.0,1.0,1.0,1.0
1976-12-19,1.0,1.0,1.0,1.0
1976-12-26,1.0,1.0,1.0,1.0
1977-01-02,1.0,1.0,1.0,1.0
1977-01-09,1.0,1.0,1.0,1.0
1977-01-16,1.0,1.0,1.0,1.0
1977-01-23,1.0,1.0,1.0,1.0
1977-01-30,1.0,1.0,1.0,1.0
1977-02-06,1.0,1.0,1.0,1.0
1977-02-13,1.0,1.0,1.0,1.0
1977-02-20,1.0,1.0,1.0,1.0
1977-02-27,1.0,1.0,1.0,1.0
1977-03-06,1.0,1.0,1.0,1.0
1977-03-13,1.0,1.0,1.0,1.0
1977-03-20,1.0,1.0,1.0,1.0
1977-03-27,1.0,1.0,1.0,1.0
1977-04-03,1.0,1.0,1.0,1.0
1977-04-10,1.0,1.0,1.0,1.0
1977-04-17,1.0,1.0,1.0,1.0
1977-04-24,1.0,1.0,1.0,1.0
1977-05-01,1.0,1.0,1.0,1.0
1977-05-08,1.0,1.0,1.0,1.0
1977-05-15,1.0,1.0,1.0,1.0
1977-05-22,1.0,1.0,1.0,1.0
1977-05-29,1.0,1.0,1.0,1.0
1977-06-05,1.0,1.0,1.0,1.0
1977-06-12,1.0,1.0,1.0,1.0
1977-06-19,1.0,1.0,1.0,1.0
1977-06-26,1.0,1.0,1.0,1.0
1977-07-03,1.0,1.0,1.0,1.0
1977-07-10,1.0,1.0,1.0,1.0
1977-07-17,1.0,1.0,1.0,1.0
1977-07-24,1.0,1.0,1.0,1.0
1977-07-31,1.0,1.0,1.0,1.0
1977-08-07,1.0,1.0,1.0,1.0
1977-08-14,1.0,1.0,1.0,1.0
1977-08-21,1.0,1.0,1.0,1.0
1977-08-28,1.0,1.0,1.0,1.0
1977-09-04,1.0,1.0,1.0,1.0
1977-09-11,1.0,1.0,1.0,1.0
1977-09-18,1.0,1.0,1.0,1.0
1977-09-25,1.0,1.0,1.0,1.0
1977-10-02,1.0,1.0,1.0,1.0
1977-10-09,1.0,1.0,1.0,1.0
1977-10-16,1.0,1.0,1.0,1.0
1977-10-23,1.0,1.0,1.0,1.0
1977-10-30,1.0,1.0,1.0,1.0
1977-11-06,1.0,1.0,1.0,1.0
1977-11-13,1.0,1.0,1.0,1.0
1977-11-20,1.0,1.0,1.0,1.0
1977-11-27,1.0,1.0,1.0,1.0
1977-12-04,1.0,1.0,1.0,1.0
1977-12-11,1.0,1.0,1.0,1.0
1977-12-18,1.0,1.0,1.0,1.0
1977-12-25,1.0,1.0,1.0,1.0
1978-01-01,1.0,1.0,1.0,1.0
1978-01-08,1.0,1.0,1.0,1.0
1978-01-15,1.0,1.0,1.0,1.0
1978-01-22,1.0,1.0,1.0,1.0
1978-01-29,1.0,1.0,1.0,1.0
1978-02-05,1.0,1.0,1.0,1.0
1978-02-12,1.0,1.0,1.0,1.0
1978-02-19,1.0,1.0,1.0,1.0
1978-02-26,1.0,1.0,1.0,1.0
1978-03-05,1.0,1.0,1.0,1.0
1978-03-12,1.0,1.0,1.0,1.0
1978-03-19,1.0,1.0,1.0,1.0
1978-03-26,1.0,1.0,1.0,1.0
1978-04-02,1.0,1.0,1.0,1.0
1978-04-09,1.0,1.0,1.0,1.0
1978-04-16,1.0,1.0,1.0,1.0
1978-04-23,1.0,1.0,1.0,1.0
1978-04-30,1.0,1.0,1.0,1.0
1978-05-07,1.0,1.0,1.0,1.0
1978-05-14,1.0,1.0,1.0,1.0
1978-05-21,1.0,1.0,1.0,1.0
1978-05-28,1.0,1.0,1.0,1.0
1978-06-04,1.0,1.0,1.0,1.0
1978-06-11,1.0,1.0,1.0,1.0
1978-06-18,1.0,1.0,1.0,1.0
1978-06-25,1.0,1.0,1.0,1.0
1978-07-02,1.0,1.0,1.0,1.0
1978-07-09,1.0,1.0,1.0,1.0
1978-07-16,1.0,1.0,1.0,1.0
1978-07-23,1.0,1.0,1.0,1.0
1978-07-30,1.0,1.0,1.0,1.0
1978-08-06,1.0,1.0,1.0,1.0
1978-08-13,1.0,1.0,1.0,1.0
1978-08-20,1.0,1.0,1.0,1.0
1978-08-27,1.0,1.0,1.0,1.0
1978-09-03,1.0,1.0,1.0,1.0
1978-09-10,1.0,1.0,1.0,1.0
1978-09-17,1.0,1.0,1.0,1.0
1978-09-24,1.0,1.0,1.0,1.0
1978-10-01,1.0,1.0,1.0,1.0
1978-10-08,1.0,1.0,1.0,1.0
1978-10-15,1.0,1.0,1.0,1.0
1978-10-22,1.0,1.0,1.0,1.0
1978-10-29,1.0,1.0,1.0,1.0
1978-11-05,1.0,1.0,1.0,1.0
1978-11-12,1.0,1.0,1.0,1.0
1978-11-19,1.0,1.0,1.0,1.0
1978-11-26,1.0,1.0,1.0,1.0
1978-12-03,1.0,1.0,1.0,1.0
1978-12-10,1.0,1.0,1.0,1.0
1978-12-17,1.0,1.0,1.0,1.0
1978-12-24,1.0,1.0,1.0,1.0
1978-12-31,1.0,1.0,1.0,1.0
1979-01-07,1.0,1.0,1.0,1.0
1979-01-14,1.0,1.0,1.0,1.0
1979-01-21,1.0,1.0,1.0,1.0
1979-01-28,1.0,1.0,1.0,1.0
1979-02-04,1.0,1.0,1.0,1.0
1979-02-11,1.0,1.0,1.0,1.0
1979-02-18,1.0,1.0,1.0,1.0
1979-02-25,1.0,1.0,1.0,1.0
1979-03-04,1.0,1.0,1.0,1.0
1979-03-11,1.0,1.0,1.0,1.0
1979-03-18,1.0,1.0,1.0,1.0
1979-03-25,1.0,1.0,1.0,1.0
1979-04-01,1.0,1.0,1.0,1.0
1979-04-08,1.0,1.0,1.0,1.0
1979-04-15,1.0,1.0,1.0,1.0
1979-04-22,1.0,1.0,1.0,1.0
1979-04-29,1.0,1.0,1.0,1.0
1979-05-06,1.0,1.0,1.0,1.0
1979-05-13,1.0,1.0,1.0,1.0
1979-05-20,1.0,1.0,1.0,1.0
1979-05-27,1.0,1.0,1.0,1.0
1979-06-03,1.0,1.0,1.0,1.0
1979-06-10,1.0,1.0,1.0,1.0
1979-06-17,1.0,1.0,1.0,1.0
1979-06-24,1.0,1.0,1.0,1.0
1979-07-01,1.0,1.0,1.0,1.0
1979-07-08,1.0,1.0,1.0,1.0
1979-07-15,1.0,1.0,1.0,1.0
1979-07-22,1.0,1.0,1.0,1.0
1979-07-29,1.0,1.0,1.0,1.0
1979-08-05,1.0,1.0,1.0,1.0
1979-08-12,1.0,1.0,1.0,1.0
1979-08-19,1.0,1.0,1.0,1.0
1979-08-26,1.0,1.0,1.0,1.0
1979-09-02,1.0,1.0,1.0,1.0
1979-09-09,1.0,1.0,1.0,1.0
1979-09-16,1.0,1.0,1.0,1.0
1979-09-23,1.0,1.0,1.0,1.0
1979-09-30,1.0,1.0,1.0,1.0
1979-10-07,1.0,1.0,1.0,1.0
1979-10-14,1.0,1.0,1.0,1.0
1979-10-21,1.0,1.0,1.0,1.0
1979-10-28,1.0,1.0,1.0,1.0
1979-11-04,1.0,1.0,1.0,1.0
1979-11-11,1.0,1.0,1.0,1.0
1979-11-18,1.0,1.0,1.0,1.0
1979-11-25,1.0,1.0,1.0,1.0
1979-12-02,1.0,1.0,1.0,1.0
1979-12-09,1.0,1.0,1.0,1.0
1979-12-16,1.0,1.0,1.0,1.0
1979-12-23,1.0,1.0,1.0,1.0
1979-12-30,1.0,1.0,1.0,1.0
1980-01-06,1.0,1.0,1.0,1.0
1980-01-13,1.0,1.0,1.0,1.0
1980-01-20,1.0,1.0,1.0,1.0
1980-01-27,1.0,1.0,1.0,1.0
1980-02-03,1.0,1.0,1.0,1.0
1980-02-10,1.0,1.0,1.0,1.0
1980-02-17,1.0,1.0,1.0,1.0
1980-02-24,1.0,1.0,1.0,1.0
1980-03-02,1.0,1.0,1.0,1.0
1980-03-09,1.0,1.0,1.0,1.0
1980-03-16,1.0,1.0,1.0,1.0
1980-03-23,1.0,1.0,1.0,1.0
1980-03-30,1.0,1.0,1.0,1.0
1980-04-06,1.0,1.0,1.0,1.0
1980-04-13,1.0,1.0,1.0,1.0
1980-04-20,1.0,1.0,1.0,1.0
1980-04-27,1.0,1.0,1.0,1.0
1980-05-04,1.0,1.0,1.0,1.0
1980-05-11,1.0,1.0,1.0,1.0
1980-05-18,1.0,1.0,1.0,1.0
1980-05-25,1.0,1.0,1.0,1.0
1980-06-01,1.0,1.0,1.0,1.0
1980-06-08,1.0,1.0,1.0,1.0
1980-06-15,1.0,1.0,1.0,1.0
1980-06-22,1.0,1.0,1.0,1.0
1980-06-29,1.0,1.0,1.0,1.0
1980-07-06,1.0,1.0,1.0,1.0
1980-07-13,1.0,1.0,1.0,1.0
1980-07-20,1.0,1.0,1.0,1.0
1980-07-27,1.0,1.0,1.0,1.0
1980-08-03,1.0,1.0,1.0,1.0
1980-08-10,1.0,1.0,1.0,1.0
1980-08-17,1.0,1.0,1.0,1.0
1980-08-24,1.0,1.0,1.0,1.0
1980-08-31,1.0,1.0,1.0,1.0
1980-09-07,1.0,1.0,1.0,1.0
1980-09-14,1.0,1.0,1.0,1.0
1980-09-21,1.0,1.0,1.0,1.0
1980-09-28,1.0,1.0,1.0,1.0
1980-10-05,1.0,1.0,1.0,1.0
1980-10-12,1.0,1.0,1.0,1.0
1980-10-19,1.0,1.0,1.0,1.0
1980-10-26,1.0,1.0,1.0,1.0
1980-11-02,1.0,1.0,1.0,1.0
1980-11-09,1.0,1.0,1.0,1.0
1980-11-16,1.0,1.0,1.0,1.0
1980-11-23,1.0,1.0,1.0,1.0
1980-11-30,1.0,1.0,1.0,1.0
1980-12-07,1.0,1.0,1.0,1.0
1980-12-14,1.0,1.0,1.0,1.0
1980-12-21,1.0,1.0,1.0,1.0
1980-12-28,1.0,1.0,1.0,1.0
1981-01-04,1.0,1.0,1.0,1.0
1981-01-11,1.0,1.0,1.0,1.0
1981-01-18,1.0,1.0,1.0,1.0
1981-01-25,1.0,1.0,1.0,1.0
1981-02-01,1.0,1.0,1.0,1.0
1981-02-08,1.0,1.0,1.0,1.0
1981-02-15,1.0,1.0,1.0,1.0
1981-02-22,1.0,1.0,1.0,1.0
1981-03-01,1.0,1.0,1.0,1.0
1981-03-08,1.0,1.0,1.0,1.0
1981-03-15,1.0,1.0,1.0,1.0
1981-03-22,1.0,1.0,1.0,1.0
1981-03-29,1.0,1.0,1.0,1.0
1981-04-05,1.0,1.0,1.0,1.0
1981-04-12,1.0,1.0,1.0,1.0
1981-04-19,1.0,1.0,1.0,1.0
1981-04-26,1.0,1.0,1.0,1.0
1981-05-03,1.0,1.0,1.0,1.0
1981-05-10,1.0,1.0,1.0,1.0
1981-05-17,1.0,1.0,1.0,1.0
1981-05-24,1.0,1.0,1.0,1.0
1981-05-31,1.0,1.0,1.0,1.0
1981-06-07,1.0,1.0,1.0,1.0
1981-06-14,1.0,1.0,1.0,1.0
1981-06-21,1.0,1.0,1.0,1.0
1981-06-28,1.0,1.0,1.0,1.0
1981-07-05,1.0,1.0,1.0,1.0
1981-07-12,1.0,1.0,1.0,1.0
1981-07-19,1.0,1.0,1.0,1.0
1981-07-26,1.0,1.0,1.0,1.0
1981-08-02,1.0,1.0,1.0,1.0
1981-08-09,1.0,1.0,1.0,1.0
1981-08-16,1.0,1.0,1.0,1.0
1981-08-23,1.0,1.0,1.0,1.0
1981-08-30,1.0,1.0,1.0,1.0
1981-09-06,1.0,1.0,1.0,1.0
1981-09-13,1.0,1.0,1.0,1.0
1981-09-20,1.0,1.0,1.0,1.0
1981-09-27,1.0,1.0,1.0,1.0
1981-10-04,1.0,1.0,1.0,1.0
1981-10-11,1.0,1.0,1.0,1.0
1981-10-18,1.0,1.0,1.0,1.0
1981-10-25,1.0,1.0,1.0,1.0
1981-11-01,1.0,1.0,1.0,1.0
1981-11-08,1.0,1.0,1.0,1.0
1981-11-15,1.0,1.0,1.0,1.0
1981-11-22,1.0,1.0,1.0,1.0
1981-11-29,1.0,1.0,1.0,1.0
1981-12-06,1.0,1.0,1.0,1.0
1981-12-13,1.0,1.0,1.0,1.0
1981-12-20,1.0,1.0,1.0,1.0
1981-12-27,1.0,1.0,1.0,1.0
1982-01-03,1.0,1.0,1.0,1.0
1982-01-10,1.0,1.0,1.0,1.0
1982-01-17,1.0,1.0,1.0,1.0
1982-01-24,1.0,1.0,1.0,1.0
1982-01-31,1.0,1.0,1.0,1.0
1982-02-07,1.0,1.0,1.0,1.0
1982-02-14,1.0,1.0,1.0,1.0
1982-02-21,1.0,1.0,1.0,1.0
1982-02-28,1.0,1.0,1.0,1.0
1982-03-07,1.0,1.0,1.0,1.0
1982-03-14,1.0,1.0,1.0,1.0
1982-03-21,1.0,1.0,1.0,1.0
1982-03-28,1.0,1.0,1.0,1.0
1982-04-04,1.0,1.0,1.0,1.0
1982-04-11,1.0,1.0,1.0,1.0
1982-04-18,1.0,1.0,1.0,1.0
1982-04-25,1.0,1.0,1.0,1.0
1982-05-02,1.0,1.0,1.0,1.0
1982-05-09,1.0,1.0,1.0,1.0
1982-05-16,1.0,1.0,1.0,1.0
1982-05-23,1.0,1.0,1.0,1.0
1982-05-30,1.0,1.0,1.0,1.0
1982-06-06,1.0,1.0,1.0,1.0
1982-06-13,1.0,1.0,1.0,1.0
1982-06-20,1.0,1.0,1.0,1.0
1982-06-27,1.0,1.0,1.0,1.0
1982-07-04,1.0,1.0,1.0,1.0
1982-07-11,1.0,1.0,1.0,1.0
1982-07-18,1.0,1.0,1.0,1.0
1982-07-25,1.0,1.0,1.0,1.0
1982-08-01,1.0,1.0,1.0,1.0
1982-08-08,1.0,1.0,1.0,1.0
1982-08-15,1.0,1.0,1.0,1.0
1982-08-22,1.0,1.0,1.0,1.0
1982-08-29,1.0,1.0,1.0,1.0
1982-09-05,1.0,1.0,1.0,1.0
1982-09-12,1.0,1.0,1.0,1.0
1982-09-19,1.0,1.0,1.0,1.0
1982-09-26,1.0,1.0,1.0,1.0
1982-10-03,1.0,1.0,1.0,1.0
1982-10-10,1.0,1.0,1.0,1.0
1982-10-17,1.0,1.0,1.0,1.0
1982-10-24,1.0,1.0,1.0,1.0
1982-10-31,1.0,1.0,1.0,1.0
1982-11-07,1.0,1.0,1.0,1.0
1982-11-14,1.0,1.0,1.0,1.0
1982-11-21,1.0,1.0,1.0,1.0
1982-11-28,1.0,1.0,1.0,1.0
1982-12-05,1.0,1.0,1.0,1.0
1982-12-12,1.0,1.0,1.0,1.0
1982-12-19,1.0,1.0,1.0,1.0
1982-12-26,1.0,1.0,1.0,1.0
1983-01-02,1.0,1.0,1.0,1.0
1983-01-09,1.0,1.0,1.0,1.0
1983-01-16,1.0,1.0,1.0,1.0
1983-01-23,1.0,1.0,1.0,1.0
1983-01-30,1.0,1.0,1.0,1.0
1983-02-06,1.0,1.0,1.0,1.0
1983-02-13,1.0,1.0,1.0,1.0
1983-02-20,1.0,1.0,1.0,1.0
1983-02-27,1.0,1.0,1.0,1.0
1983-03-06,1.0,1.0,1.0,1.0
1983-03-13,1.0,1.0,1.0,1.0
1983-03-20,1.0,1.0,1.0,1.0
1983-03-27,1.0,1.0,1.0,1.0
1983-04-03,1.0,1.0,1.0,1.0
1983-04-10,1.0,1.0,1.0,1.0
1983-04-17,1.0,1.0,1.0,1.0
1983-04-24,1.0,1.0,1.0,1.0
1983-05-01,1.0,1.0,1.0,1.0
1983-05-08,1.0,1.0,1.0,1.0
1983-05-15,1.0,1.0,1.0,1.0
1983-05-22,1.0,1.0,1.0,1.0
1983-05-29,1.0,1.0,1.0,1.0
1983-06-05,1.0,1.0,1.0,1.0
1983-06-12,1.0,1.0,1.0,1.0
1983-06-19,1.0,1.0,1.0,1.0
1983-06-26,1.0,1.0,1.0,1.0
1983-07-03,1.0,1.0,1.0,1.0
1983-07-10,1.0,1.0,1.0,1.0
1983-07-17,1.0,1.0,1.0,1.0
1983-07-24,1.0,1.0,1.0,1.0
1983-07-31,1.0,1.0,1.0,1.0
1983-08-07,1.0,1.0,1.0,1.0
1983-08-14,1.0,1.0,1.0,1.0
1983-08-21,1.0,1.0,1.0,1.0
1983-08-28,1.0,1.0,1.0,1.0
1983-09-04,1.0,1.0,1.0,1.0
1983-09-11,1.0,1.0,1.0,1.0
1983-09-18,1.0,1.0,1.0,1.0
1983-09-25,1.0,1.0,1.0,1.0
1983-10-02,1.0,1.0,1.0,1.0
1983-10-09,1.0,1.0,1.0,1.0
1983-10-16,1.0,1.0,1.0,1.0
1983-10-23,1.0,1.0,1.0,1.0
1983-10-30,1.0,1.0,1.0,1.0
1983-11-06,1.0,1.0,1.0,1.0
1983-11-13,1.0,1.0,1.0,1.0
1983-11-20,1.0,1.0,1.0,1.0
1983-11-27,1.0,1.0,1.0,1.0
1983-12-04,1.0,1.0,1.0,1.0
1983-12-11,1.0,1.0,1.0,1.0
1983-12-18,1.0,1.0,1.0,1.0
1983-12-25,1.0,1.0,1.0,1.0
1984-01-01,1.0,1.0,1.0,1.0
1984-01-08,1.0,1.0,1.0,1.0
1984-01-15,1.0,1.0,1.0,1.0
1984-01-22,1.0,1.0,1.0,1.0
1984-01-29,1.0,1.0,1.0,1.0
1984-02-05,1.0,1.0,1.0,1.0
1984-02-12,1.0,1.0,1.0,1.0
1984-02-19,1.0,1.0,1.0,1.0
1984-02-26,1.0,1.0,1.0,1.0
1984-03-04,1.0,1.0,1.0,1.0
1984-03-11,1.0,1.0,1.0,1.0
1984-03-18,1.0,1.0,1.0,1.0
1984-03-25,1.0,1.0,1.0,1.0
1984-04-01,1.0,1.0,1.0,1.0
1984-04-08,1.0,1.0,1.0,1.0
1984-04-15,1.0,1.0,1.0,1.0
1984-04-22,1.0,1.0,1.0,1.0
1984-04-29,1.0,1.0,1.0,1.0
1984-05-06,1.0,1.0,1.0,1.0
1984-05-13,1.0,1.0,1.0,1.0
1984-05-20,1.0,1.0,1.0,1.0
1984-05-27,1.0,1.0,1.0,1.0
1984-06-03,1.0,1.0,1.0,1.0
1984-06-10,1.0,1.0,1.0,1.0
1984-06-17,1.0,1.0,1.0,1.0
1984-06-24,1.0,1.0,1.0,1.0
1984-07-01,1.0,1.0,1.0,1.0
1984-07-08,1.0,1.0,1.0,1.0
1984-07-15,1.0,1.0,1.0,1.0
1984-07-22,1.0,1.0,1.0,1.0
1984-07-29,1.0,1.0,1.0,1.0
1984-08-05,1.0,1.0,1.0,1.0
1984-08-12,1.0,1.0,1.0,1.0
1984-08-19,1.0,1.0,1.0,1.0
1984-08-26,1.0,1.0,1.0,1.0
1984-09-02,1.0,1.0,1.0,1.0
1984-09-09,1.0,1.0,1.0,1.0
1984-09-16,1.0,1.0,1.0,1.0
1984-09-23,1.0,1.0,1.0,1.0
1984-09-30,1.0,1.0,1.0,1.0
1984-10-07,1.0,1.0,1.0,1.0
1984-10-14,1.0,1.0,1.0,1.0
1984-10-21,1.0,1.0,1.0,1.0
1984-10-28,1.0,1.0,1.0,1.0
1984-11-04,1.0,1.0,1.0,1.0
1984-11-11,1.0,1.0,1.0,1.0
1984-11-18,1.0,1.0,1.0,1.0
1984-11-25,1.0,1.0,1.0,1.0
1984-12-02,1.0,1.0,1.0,1.0
1984-12-09,1.0,1.0,1.0,1.0
1984-12-16,1.0,1.0,1.0,1.0
1984-12-23,1.0,1.0,1.0,1.0
1984-12-30,1.0,1.0,1.0,1.0
1985-01-06,1.0,1.0,1.0,1.0
1985-01-13,1.0,1.0,1.0,1.0
1985-01-20,1.0,1.0,1.0,1.0
1985-01-27,1.0,1.0,1.0,1.0
1985-02-03,1.0,1.0,1.0,1.0
1985-02-10,1.0,1.0,1.0,1.0
1985-02-17,1.0,1.0,1.0,1.0
1985-02-24,1.0,1.0,1.0,1.0
1985-03-03,1.0,1.0,1.0,1.0
1985-03-10,1.0,1.0,1.0,1.0
1985-03-17,1.0,1.0,1.0,1.0
1985-03-24,1.0,1.0,1.0,1.0
1985-03-31,1.0,1.0,1.0,1.0
1985-04-07,1.0,1.0,1.0,1.0
1985-04-14,1.0,1.0,1.0,1.0
1985-04-21,1.0,1.0,1.0,1.0
1985-04-28,1.0,1.0,1.0,1.0
1985-05-05,1.0,1.0,1.0,1.0
1985-05-12,1.0,1.0,1.0,1.0
1985-05-19,1.0,1.0,1.0,1.0
1985-05-26,1.0,1.0,1.0,1.0
1985-06-02,1.0,1.0,1.0,1.0
1985-06-09,1.0,1.0,1.0,1.0
1985-06-16,1.0,1.0,1.0,1.0
1985-06-23,1.0,1.0,1.0,1.0
1985-06-30,1.0,1.0,1.0,1.0
1985-07-07,1.0,1.0,1.0,1.0
1985-07-14,1.0,1.0,1.0,1.0
1985-07-21,1.0,1.0,1.0,1.0
1985-07-28,1.0,1.0,1.0,1.0
1985-08-04,1.0,1.0,1.0,1.0
1985-08-11,1.0,1.0,1.0,1.0
1985-08-18,1.0,1.0,1.0,1.0
1985-08-25,1.0,1.0,1.0,1.0
1985-09-01,1.0,1.0,1.0,1.0
1985-09-08,1.0,1.0,1.0,1.0
1985-09-15,1.0,1.0,1.0,1.0
1985-09-22,1.0,1.0,1.0,1.0
1985-09-29,1.0,1.0,1.0,1.0
1985-10-06,1.0,1.0,1.0,1.0
1985-10-13,1.0,1.0,1.0,1.0
1985-10-20,1.0,1.0,1.0,1.0
1985-10-27,1.0,1.0,1.0,1.0
1985-11-03,1.0,1.0,1.0,1.0
1985-11-10,1.0,1.0,1.0,1.0
1985-11-17,1.0,1.0,1.0,1.0
1985-11-24,1.0,1.0,1.0,1.0
1985-12-01,1.0,1.0,1.0,1.0
1985-12-08,1.0,1.0,1.0,1.0
1985-12-15,1.0,1.0,1.0,1.0
1985-12-22,1.0,1.0,1.0,1.0
1985-12-29,1.0,1.0,1.0,1.0
1986-01-05,1.0,1.0,1.0,1.0
1986-01-12,1.0,1.0,1.0,1.0
1986-01-19,1.0,1.0,1.0,1.0
1986-01-26,1.0,1.0,1.0,1.0
1986-02-02,1.0,1.0,1.0,1.0
1986-02-09,1.0,1.0,1.0,1.0
1986-02-16,1.0,1.0,1.0,1.0
1986-02-23,1.0,1.0,1.0,1.0
1986-03-02,1.0,1.0,1.0,1.0
1986-03-09,1.0,1.0,1.0,1.0
1986-03-16,1.0,1.0,1.0,1.0
1986-03-23,1.0,1.0,1.0,1.0
1986-03-30,1.0,1.0,1.0,1.0
1986-04-06,1.0,1.0,1.0,1.0
1986-04-13,1.0,1.0,1.0,1.0
1986-04-20,1.0,1.0,1.0,1.0
1986-04-27,1.0,1.0,1.0,1.0
1986-05-04,1.0,1.0,1.0,1.0
1986-05-11,1.0,1.0,1.0,1.0
1986-05-18,1.0,1.0,1.0,1.0
1986-05-25,1.0,1.0,1.0,1.0
1986-06-01,1.0,1.0,1.0,1.0
1986-06-08,1.0,1.0,1.0,1.0
1986-06-15,1.0,1.0,1.0,1.0
1986-06-22,1.0,1.0,1.0,1.0
1986-06-29,1.0,1.0,1.0,1.0
1986-07-06,1.0,1.0,1.0,1.0
1986-07-13,1.0,1.0,1.0,1.0
1986-07-20,1.0,1.0,1.0,1.0
1986-07-27,1.0,1.0,1.0,1.0
1986-08-03,1.0,1.0,1.0,1.0
1986-08-10,1.0,1.0,1.0,1.0
1986-08-17,1.0,1.0,1.0,1.0
1986-08-24,1.0,1.0,1.0,1.0
1986-08-31,1.0,1.0,1.0,1.0
1986-09-07,1.0,1.0,1.0,1.0
1986-09-14,1.0,1.0,1.0,1.0
1986-09-21,1.0,1.0,1.0,1.0
1986-09-28,1.0,1.0,1.0,1.0
1986-10-05,1.0,1.0,1.0,1.0
1986-10-12,1.0,1.0,1.0,1.0
1986-10-19,1.0,1.0,1.0,1.0
1986-10-26,1.0,1.0,1.0,1.0
1986-11-02,1.0,1.0,1.0,1.0
1986-11-09,1.0,1.0,1.0,1.0
1986-11-16,1.0,1.0,1.0,1.0
1986-11-23,1.0,1.0,1.0,1.0
1986-11-30,1.0,1.0,1.0,1.0
1986-12-07,1.0,1.0,1.0,1.0
1986-12-14,1.0,1.0,1.0,1.0
1986-12-21,1.0,1.0,1.0,1.0
1986-12-28,1.0,1.0,1.0,1.0
1987-01-04,1.0,1.0,1.0,1.0
1987-01-11,1.0,1.0,1.0,1.0
1987-01-18,1.0,1.0,1.0,1.0
1987-01-25,1.0,1.0,1.0,1.0
1987-02-01,1.0,1.0,1.0,1.0
1987-02-08,1.0,1.0,1.0,1.0
1987-02-15,1.0,1.0,1.0,1.0
1987-02-22,1.0,1.0,1.0,1.0
1987-03-01,1.0,1.0,1.0,1.0
1987-03-08,1.0,1.0,1.0,1.0
1987-03-15,1.0,1.0,1.0,1.0
1987-03-22,1.0,1.0,1.0,1.0
1987-03-29,1.0,1.0,1.0,1.0
1987-04-05,1.0,1.0,1.0,1.0
1987-04-12,1.0,1.0,1.0,1.0
1987-04-19,1.0,1.0,1.0,1.0
1987-04-26,1.0,1.0,1.0,1.0
1987-05-03,1.0,1.0,1.0,1.0
1987-05-10,1.0,1.0,1.0,1.0
1987-05-17,1.0,1.0,1.0,1.0
1987-05-24,1.0,1.0,1.0,1.0
1987-05-31,1.0,1.0,1.0,1.0
1987-06-07,1.0,1.0,1.0,1.0
1987-06-14,1.0,1.0,1.0,1.0
1987-06-21,1.0,1.0,1.0,1.0
1987-06-28,1.0,1.0,1.0,1.0
1987-07-05,1.0,1.0,1.0,1.0
1987-07-12,1.0,1.0,1.0,1.0
1987-07-19,1.0,1.0,1.0,1.0
1987-07-26,1.0,1.0,1.0,1.0
1987-08-02,1.0,1.0,1.0,1.0
1987-08-09,1.0,1.0,1.0,1.0
1987-08-16,1.0,1.0,1.0,1.0
1987-08-23,1.0,1.0,1.0,1.0
1987-08-30,1.0,1.0,1.0,1.0
1987-09-06,1.0,1.0,1.0,1.0
1987-09-13,1.0,1.0,1.0,1.0
1987-09-20,1.0,1.0,1.0,1.0
1987-09-27,1.0,1.0,1.0,1.0
1987-10-04,1.0,1.0,1.0,1.0
1987-10-11,1.0,1.0,1.0,1.0
1987-10-18,1.0,1.0,1.0,1.0
1987-10-25,1.0,1.0,1.0,1.0
1987-11-01,1.0,1.0,1.0,1.0
1987-11-08,1.0,1.0,1.0,1.0
1987-11-15,1.0,1.0,1.0,1.0
1987-11-22,1.0,1.0,1.0,1.0
1987-11-29,1.0,1.0,1.0,1.0
1987-12-06,1.0,1.0,1.0,1.0
1987-12-13,1.0,1.0,1.0,1.0
1987-12-20,1.0,1.0,1.0,1.0
1987-12-27,1.0,1.0,1.0,1.0
1988-01-03,1.0,1.0,1.0,1.0
1988-01-10,1.0,1.0,1.0,1.0
1988-01-17,1.0,1.0,1.0,1.0
1988-01-24,1.0,1.0,1.0,1.0
1988-01-31,1.0,1.0,1.0,1.0
1988-02-07,1.0,1.0,1.0,1.0
1988-02-14,1.0,1.0,1.0,1.0
1988-02-21,1.0,1.0,1.0,1.0
1988-02-28,1.0,1.0,1.0,1.0
1988-03-06,1.0,1.0,1.0,1.0
1988-03-13,1.0,1.0,1.0,1.0
1988-03-20,1.0,1.0,1.0,1.0
1988-03-27,1.0,1.0,1.0,1.0
1988-04-03,1.0,1.0,1.0,1.0
1988-04-10,1.0,1.0,1.0,1.0
1988-04-17,1.0,1.0,1.0,1.0
1988-04-24,1.0,1.0,1.0,1.0
1988-05-01,1.0,1.0,1.0,1.0
1988-05-08,1.0,1.0,1.0,1.0
1988-05-15,1.0,1.0,1.0,1.0
1988-05-22,1.0,1.0,1.0,1.0
1988-05-29,1.0,1.0,1.0,1.0
1988-06-05,1.0,1.0,1.0,1.0
1988-06-12,1.0,1.0,1.0,1.0
1988-06-19,1.0,1.0,1.0,1.0
1988-06-26,1.0,1.0,1.0,1.0
1988-07-03,1.0,1.0,1.0,1.0
1988-07-10,1.0,1.0,1.0,1.0
1988-07-17,1.0,1.0,1.0,1.0
1988-07-24,1.0,1.0,1.0,1.0
1988-07-31,1.0,1.0,1.0,1.0
1988-08-07,1.0,1.0,1.0,1.0
1988-08-14,1.0,1.0,1.0,1.0
1988-08-21,1.0,1.0,1.0,1.0
1988-08-28,1.0,1.0,1.0,1.0
1988-09-04,1.0,1.0,1.0,1.0
1988-09-11,1.0,1.0,1.0,1.0
1988-09-18,1.0,1.0,1.0,1.0
1988-09-25,1.0,1.0,1.0,1.0
1988-10-02,1.0,1.0,1.0,1.0
1988-10-09,1.0,1.0,1.0,1.0
1988-10-16,1.0,1.0,1.0,1.0
1988-10-23,1.0,1.0,1.0,1.0
1988-10-30,1.0,1.0,1.0,1.0
1988-11-06,1.0,1.0,1.0,1.0
1988-11-13,1.0,1.0,1.0,1.0
1988-11-20,1.0,1.0,1.0,1.0
1988-11-27,1.0,1.0,1.0,1.0
1988-12-04,1.0,1.0,1.0,1.0
1988-12-11,1.0,1.0,1.0,1.0
1988-12-18,1.0,1.0,1.0,1.0
1988-12-25,1.0,1.0,1.0,1.0
1989-01-01,1.0,1.0,1.0,1.0
1989-01-08,1.0,1.0,1.0,1.0
1989-01-15,1.0,1.0,1.0,1.0
1989-01-22,1.0,1.0,1.0,1.0
1989-01-29,1.0,1.0,1.0,1.0
1989-02-05,1.0,1.0,1.0,1.0
1989-02-12,1.0,1.0,1.0,1.0
1989-02-19,1.0,1.0,1.0,1.0
1989-02-26,1.0,1.0,1.0,1.0
1989-03-05,1.0,1.0,1.0,1.0
1989-03-12,1.0,1.0,1.0,1.0
1989-03-19,1.0,1.0,1.0,1.0
1989-03-26,1.0,1.0,1.0,1.0
1989-04-02,1.0,1.0,1.0,1.0
1989-04-09,1.0,1.0,1.0,1.0
1989-04-16,1.0,1.0,1.0,1.0
1989-04-23,1.0,1.0,1.0,1.0
1989-04-30,1.0,1.0,1.0,1.0
1989-05-07,1.0,1.0,1.0,1.0
1989-05-14,1.0,1.0,1.0,1.0
1989-05-21,1.0,1.0,1.0,1.0
1989-05-28,1.0,1.0,1.0,1.0
1989-06-04,1.0,1.0,1.0,1.0
1989-06-11,1.0,1.0,1.0,1.0
1989-06-18,1.0,1.0,1.0,1.0
1989-06-25,1.0,1.0,1.0,1.0
1989-07-02,1.0,1.0,1.0,1.0
1989-07-09,1.0,1.0,1.0,1.0
1989-07-16,1.0,1.0,1.0,1.0
1989-07-23,1.0,1.0,1.0,1.0
1989-07-30,1.0,1.0,1.0,1.0
1989-08-06,1.0,1.0,1.0,1.0
1989-08-13,1.0,1.0,1.0,1.0
1989-08-20,1.0,1.0,1.0,1.0
1989-08-27,1.0,1.0,1.0,1.0
1989-09-03,1.0,1.0,1.0,1.0
1989-09-10,1.0,1.0,1.0,1.0
1989-09-17,1.0,1.0,1.0,1.0
1989-09-24,1.0,1.0,1.0,1.0
1989-10-01,1.0,1.0,1.0,1.0
1989-10-08,1.0,1.0,1.0,1.0
1989-10-15,1.0,1.0,1.0,1.0
1989-10-22,1.0,1.0,1.0,1.0
1989-10-29,1.0,1.0,1.0,1.0
1989-11-05,1.0,1.0,1.0,1.0
1989-11-12,1.0,1.0,1.0,1.0
1989-11-19,1.0,1.0,1.0,1.0
1989-11-26,1.0,1.0,1.0,1.0
1989-12-03,1.0,1.0,1.0,1.0
1989-12-10,1.0,1.0,1.0,1.0
1989-12-17,1.0,1.0,1.0,1.0
1989-12-24,1.0,1.0,1.0,1.0
1989-12-31,1.0,1.0,1.0,1.0
1990-01-07,1.0,1.0,1.0,1.0
1990-01-14,1.0,1.0,1.0,1.0
1990-01-21,1.0,1.0,1.0,1.0
1990-01-28,1.0,1.0,1.0,1.0
1990-02-04,1.0,1.0,1.0,1.0
1990-02-11,1.0,1.0,1.0,1.0
1990-02-18,1.0,1.0,1.0,1.0
1990-02-25,1.0,1.0,1.0,1.0
1990-03-04,1.0,1.0,1.0,1.0
1990-03-11,1.0,1.0,1.0,1.0
1990-03-18,1.0,1.0,1.0,1.0
1990-03-25,1.0,1.0,1.0,1.0
1990-04-01,1.0,1.0,1.0,1.0
1990-04-08,1.0,1.0,1.0,1.0
1990-04-15,1.0,1.0,1.0,1.0
1990-04-22,1.0,1.0,1.0,1.0
1990-04-29,1.0,1.0,1.0,1.0
1990-05-06,1.0,1.0,1.0,1.0
1990-05-13,1.0,1.0,1.0,1.0
1990-05-20,1.0,1.0,1.0,1.0
1990-05-27,1.0,1.0,1.0,1.0
1990-06-03,1.0,1.0,1.0,1.0
1990-06-10,1.0,1.0,1.0,1.0
1990-06-17,1.0,1.0,1.0,1.0
1990-06-24,1.0,1.0,1.0,1.0
1990-07-01,1.0,1.0,1.0,1.0
1990-07-08,1.0,1.0,1.0,1.0
1990-07-15,1.0,1.0,1.0,1.0
1990-07-22,1.0,1.0,1.0,1.0
1990-07-29,1.0,1.0,1.0,1.0
1990-08-05,1.0,1.0,1.0,1.0
1990-08-12,1.0,1.0,1.0,1.0
1990-08-19,1.0,1.0,1.0,1.0
1990-08-26,1.0,1.0,1.0,1.0
1990-09-02,1.0,1.0,1.0,1.0
1990-09-09,1.0,1.0,1.0,1.0
1990-09-16,1.0,1.0,1.0,1.0
1990-09-23,1.0,1.0,1.0,1.0
1990-09-30,1.0,1.0,1.0,1.0
1990-10-07,1.0,1.0,1.0,1.0
1990-10-14,1.0,1.0,1.0,1.0
1990-10-21,1.0,1.0,1.0,1.0
1990-10-28,1.0,1.0,1.0,1.0
1990-11-04,1.0,1.0,1.0,1.0
1990-11-11,1.0,1.0,1.0,1.0
1990-11-18,1.0,1.0,1.0,1.0
1990-11-25,1.0,1.0,1.0,1.0
1990-12-02,1.0,1.0,1.0,1.0
1990-12-09,1.0,1.0,1.0,1.0
1990-12-16,1.0,1.0,1.0,1.0
1990-12-23,1.0,1.0,1.0,1.0
1990-12-30,1.0,1.0,1.0,1.0
1991-01-06,1.0,1.0,1.0,1.0
1991-01-13,1.0,1.0,1.0,1.0
1991-01-20,1.0,1.0,1.0,1.0
1991-01-27,1.0,1.0,1.0,1.0
1991-02-03,1.0,1.0,1.0,1.0
1991-02-10,1.0,1.0,1.0,1.0
1991-02-17,1.0,1.0,1.0,1.0
1991-02-24,1.0,1.0,1.0,1.0
1991-03-03,1.0,1.0,1.0,1.0
1991-03-10,1.0,1.0,1.0,1.0
1991-03-17,1.0,1.0,1.0,1.0
1991-03-24,1.0,1.0,1.0,1.0
1991-03-31,1.0,1.0,1.0,1.0
1991-04-07,1.0,1.0,1.0,1.0
1991-04-14,1.0,1.0,1.0,1.0
1991-04-21,1.0,1.0,1.0,1.0
1991-04-28,1.0,1.0,1.0,1.0
1991-05-05,1.0,1.0,1.0,1.0
1991-05-12,1.0,1.0,1.0,1.0
1991-05-19,1.0,1.0,1.0,1.0
1991-05-26,1.0,1.0,1.0,1.0
1991-06-02,1.0,1.0,1.0,1.0
1991-06-09,1.0,1.0,1.0,1.0
1991-06-16,1.0,1.0,1.0,1.0
1991-06-23,1.0,1.0,1.0,1.0
1991-06-30,1.0,1.0,1.0,1.0
1991-07-07,1.0,1.0,1.0,1.0
1991-07-14,1.0,1.0,1.0,1.0
1991-07-21,1.0,1.0,1.0,1.0
1991-07-28,1.0,1.0,1.0,1.0
1991-08-04,1.0,1.0,1.0,1.0
1991-08-11,1.0,1.0,1.0,1.0
1991-08-18,1.0,1.0,1.0,1.0
1991-08-25,1.0,1.0,1.0,1.0
1991-09-01,1.0,1.0,1.0,1.0
1991-09-08,1.0,1.0,1.0,1.0
1991-09-15,1.0,1.0,1.0,1.0
1991-09-22,1.0,1.0,1.0,1.0
1991-09-29,1.0,1.0,1.0,1.0
1991-10-06,1.0,1.0,1.0,1.0
1991-10-13,1.0,1.0,1.0,1.0
1991-10-20,1.0,1.0,1.0,1.0
1991-10-27,1.0,1.0,1.0,1.0
1991-11-03,1.0,1.0,1.0,1.0
1991-11-10,1.0,1.0,1.0,1.0
1991-11-17,1.0,1.0,1.0,1.0
1991-11-24,1.0,1.0,1.0,1.0
1991-12-01,1.0,1.0,1.0,1.0
1991-12-08,1.0,1.0,1.0,1.0
1991-12-15,1.0,1.0,1.0,1.0
1991-12-22,1.0,1.0,1.0,1.0
1991-12-29,1.0,1.0,1.0,1.0
1992-01-05,1.0,1.0,1.0,1.0
1992-01-12,1.0,1.0,1.0,1.0
1992-01-19,1.0,1.0,1.0,1.0
1992-01-26,1.0,1.0,1.0,1.0
1992-02-02,1.0,1.0,1.0,1.0
1992-02-09,1.0,1.0,1.0,1.0
1992-02-16,1.0,1.0,1.0,1.0
1992-02-23,1.0,1.0,1.0,1.0
1992-03-01,1.0,1.0,1.0,1.0
1992-03-08,1.0,1.0,1.0,1.0
1992-03-15,1.0,1.0,1.0,1.0
1992-03-22,1.0,1.0,1.0,1.0
1992-03-29,1.0,1.0,1.0,1.0
1992-04-05,1.0,1.0,1.0,1.0
1992-04-12,1.0,1.0,1.0,1.0
1992-04-19,1.0,1.0,1.0,1.0
1992-04-26,1.0,1.0,1.0,1.0
1992-05-03,1.0,1.0,1.0,1.0
1992-05-10,1.0,1.0,1.0,1.0
1992-05-17,1.0,1.0,1.0,1.0
1992-05-24,1.0,1.0,1.0,1.0
1992-05-31,1.0,1.0,1.0,1.0
1992-06-07,1.0,1.0,1.0,1.0
1992-06-14,1.0,1.0,1.0,1.0
1992-06-21,1.0,1.0,1.0,1.0
1992-06-28,1.0,1.0,1.0,1.0
1992-07-05,1.0,1.0,1.0,1.0
1992-07-12,1.0,1.0,1.0,1.0
1992-07-19,1.0,1.0,1.0,1.0
1992-07-26,1.0,1.0,1.0,1.0
1992-08-02,1.0,1.0,1.0,1.0
1992-08-09,1.0,1.0,1.0,1.0
1992-08-16,1.0,1.0,1.0,1.0
1992-08-23,1.0,1.0,1.0,1.0
1992-08-30,1.0,1.0,1.0,1.0
1992-09-06,1.0,1.0,1.0,1.0
1992-09-13,1.0,1.0,1.0,1.0
1992-09-20,1.0,1.0,1.0,1.0
1992-09-27,1.0,1.0,1.0,1.0
1992-10-04,1.0,1.0,1.0,1.0
1992-10-11,1.0,1.0,1.0,1.0
1992-10-18,1.0,1.0,1.0,1.0
1992-10-25,1.0,1.0,1.0,1.0
1992-11-01,1.0,1.0,1.0,1.0
1992-11-08,1.0,1.0,1.0,1.0
1992-11-15,1.0,1.0,1.0,1.0
1992-11-22,1.0,1.0,1.0,1.0
1992-11-29,1.0,1.0,1.0,1.0
1992-12-06,1.0,1.0,1.0,1.0
1992-12-13,1.0,1.0,1.0,1.0
1992-12-20,1.0,1.0,1.0,1.0
1992-12-27,1.0,1.0,1.0,1.0
1993-01-03,1.0,1.0,1.0,1.0
1993-01-10,1.0,1.0,1.0,1.0
1993-01-17,1.0,1.0,1.0,1.0
1993-01-24,1.0,1.0,1.0,1.0
1993-01-31,1.0,1.0,1.0,1.0
1993-02-07,1.0,1.0,1.0,1.0
1993-02-14,1.0,1.0,1.0,1.0
1993-02-21,1.0,1.0,1.0,1.0
1993-02-28,1.0,1.0,1.0,1.0
1993-03-07,1.0,1.0,1.0,1.0
1993-03-14,1.0,1.0,1.0,1.0
1993-03-21,1.0,1.0,1.0,1.0
1993-03-28,1.0,1.0,1.0,1.0
1993-04-04,1.0,1.0,1.0,1.0
1993-04-11,1.0,1.0,1.0,1.0
1993-04-18,1.0,1.0,1.0,1.0
1993-04-25,1.0,1.0,1.0,1.0
1993-05-02,1.0,1.0,1.0,1.0
1993-05-09,1.0,1.0,1.0,1.0
1993-05-16,1.0,1.0,1.0,1.0
1993-05-23,1.0,1.0,1.0,1.0
1993-05-30,1.0,1.0,1.0,1.0
1993-06-06,1.0,1.0,1.0,1.0
1993-06-13,1.0,1.0,1.0,1.0
1993-06-20,1.0,1.0,1.0,1.0
1993-06-27,1.0,1.0,1.0,1.0
1993-07-04,1.0,1.0,1.0,1.0
1993-07-11,1.0,1.0,1.0,1.0
1993-07-18,1.0,1.0,1.0,1.0
1993-07-25,1.0,1.0,1.0,1.0
1993-08-01,1.0,1.0,1.0,1.0
1993-08-08,1.0,1.0,1.0,1.0
1993-08-15,1.0,1.0,1.0,1.0
1993-08-22,1.0,1.0,1.0,1.0
1993-08-29,1.0,1.0,1.0,1.0
1993-09-05,1.0,1.0,1.0,1.0
1993-09-12,1.0,1.0,1.0,1.0
1993-09-19,1.0,1.0,1.0,1.0
1993-09-26,1.0,1.0,1.0,1.0
1993-10-03,1.0,1.0,1.0,1.0
1993-10-10,1.0,1.0,1.0,1.0
1993-10-17,1.0,1.0,1.0,1.0
1993-10-24,1.0,1.0,1.0,1.0
1993-10-31,1.0,1.0,1.0,1.0
1993-11-07,1.0,1.0,1.0,1.0
1993-11-14,1.0,1.0,1.0,1.0
1993-11-21,1.0,1.0,1.0,1.0
1993-11-28,1.0,1.0,1.0,1.0
1993-12-05,1.0,1.0,1.0,1.0
1993-12-12,1.0,1.0,1.0,1.0
1993-12-19,1.0,1.0,1.0,1.0
1993-12-26,1.0,1.0,1.0,1.0
1994-01-02,1.0,1.0,1.0,1.0
1994-01-09,1.0,1.0,1.0,1.0
1994-01-16,1.0,1.0,1.0,1.0
1994-01-23,1.0,1.0,1.0,1.0
1994-01-30,1.0,1.0,1.0,1.0
1994-02-06,1.0,1.0,1.0,1.0
1994-02-13,1.0,1.0,1.0,1.0
1994-02-20,1.0,1.0,1.0,1.0
1994-02-27,1.0,1.0,1.0,1.0
1994-03-06,1.0,1.0,1.0,1.0
1994-03-13,1.0,1.0,1.0,1.0
1994-03-20,1.0,1.0,1.0,1.0
1994-03-27,1.0,1.0,1.0,1.0
1994-04-03,1.0,1.0,1.0,1.0
1994-04-10,1.0,1.0,1.0,1.0
1994-04-17,1.0,1.0,1.0,1.0
1994-04-24,1.0,1.0,1.0,1.0
1994-05-01,1.0,1.0,1.0,1.0
1994-05-08,1.0,1.0,1.0,1.0
1994-05-15,1.0,1.0,1.0,1.0
1994-05-22,1.0,1.0,1.0,1.0
1994-05-29,1.0,1.0,1.0,1.0
1994-06-05,1.0,1.0,1.0,1.0
1994-06-12,1.0,1.0,1.0,1.0
1994-06-19,1.0,1.0,1.0,1.0
1994-06-26,1.0,1.0,1.0,1.0
1994-07-03,1.0,1.0,1.0,1.0
1994-07-10,1.0,1.0,1.0,1.0
1994-07-17,1.0,1.0,1.0,1.0
1994-07-24,1.0,1.0,1.0,1.0
1994-07-31,1.0,1.0,1.0,1.0
1994-08-07,1.0,1.0,1.0,1.0
1994-08-14,1.0,1.0,1.0,1.0
1994-08-21,1.0,1.0,1.0,1.0
1994-08-28,1.0,1.0,1.0,1.0
1994-09-04,1.0,1.0,1.0,1.0
1994-09-11,1.0,1.0,1.0,1.0
1994-09-18,1.0,1.0,1.0,1.0
1994-09-25,1.0,1.0,1.0,1.0
1994-10-02,1.0,1.0,1.0,1.0
1994-10-09,1.0,1.0,1.0,1.0
1994-10-16,1.0,1.0,1.0,1.0
1994-10-23,1.0,1.0,1.0,1.0
1994-10-30,1.0,1.0,1.0,1.0
1994-11-06,1.0,1.0,1.0,1.0
1994-11-13,1.0,1.0,1.0,1.0
1994-11-20,1.0,1.0,1.0,1.0
1994-11-27,1.0,1.0,1.0,1.0
1994-12-04,1.0,1.0,1.0,1.0
1994-12-11,1.0,1.0,1.0,1.0
1994-12-18,1.0,1.0,1.0,1.0
1994-12-25,1.0,1.0,1.0,1.0
1995-01-01,1.0,1.0,1.0,1.0
1995-01-08,1.0,1.0,1.0,1.0
1995-01-15,1.0,1.0,1.0,1.0
1995-01-22,1.0,1.0,1.0,1.0
1995-01-29,1.0,1.0,1.0,1.0
1995-02-05,1.0,1.0,1.0,1.0
1995-02-12,1.0,1.0,1.0,1.0
1995-02-19,1.0,1.0,1.0,1.0
1995-02-26,1.0,1.0,1.0,1.0
1995-03-05,1.0,1.0,1.0,1.0
1995-03-12,1.0,1.0,1.0,1.0
1995-03-19,1.0,1.0,1.0,1.0
1995-03-26,1.0,1.0,1.0,1.0
1995-04-02,1.0,1.0,1.0,1.0
1995-04-09,1.0,1.0,1.0,1.0
1995-04-16,1.0,1.0,1.0,1.0
1995-04-23,1.0,1.0,1.0,1.0
1995-04-30,1.0,1.0,1.0,1.0
1995-05-07,1.0,1.0,1.0,1.0
1995-05-14,1.0,1.0,1.0,1.0
1995-05-21,1.0,1.0,1.0,1.0
1995-05-28,1.0,1.0,1.0,1.0
1995-06-04,1.0,1.0,1.0,1.0
1995-06-11,1.0,1.0,1.0,1.0
1995-06-18,1.0,1.0,1.0,1.0
1995-06-25,1.0,1.0,1.0,1.0
1995-07-02,1.0,1.0,1.0,1.0
1995-07-09,1.0,1.0,1.0,1.0
1995-07-16,1.0,1.0,1.0,1.0
1995-07-23,1.0,1.0,1.0,1.0
1995-07-30,1.0,1.0,1.0,1.0
1995-08-06,1.0,1.0,1.0,1.0
1995-08-13,1.0,1.0,1.0,1.0
1995-08-20,1.0,1.0,1.0,1.0
1995-08-27,1.0,1.0,1.0,1.0
1995-09-03,1.0,1.0,1.0,1.0
1995-09-10,1.0,1.0,1.0,1.0
1995-09-17,1.0,1.0,1.0,1.0
1995-09-24,1.0,1.0,1.0,1.0
1995-10-01,1.0,1.0,1.0,1.0
1995-10-08,1.0,1.0,1.0,1.0
1995-10-15,1.0,1.0,1.0,1.0
1995-10-22,1.0,1.0,1.0,1.0
1995-10-29,1.0,1.0,1.0,1.0
1995-11-05,1.0,1.0,1.0,1.0
1995-11-12,1.0,1.0,1.0,1.0
1995-11-19,1.0,1.0,1.0,1.0
1995-11-26,1.0,1.0,1.0,1.0
1995-12-03,1.0,1.0,1.0,1.0
1995-12-10,1.0,1.0,1.0,1.0
1995-12-17,1.0,1.0,1.0,1.0
1995-12-24,1.0,1.0,1.0,1.0
1995-12-31,1.0,1.0,1.0,1.0
1996-01-07,1.0,1.0,1.0,1.0
1996-01-14,1.0,1.0,1.0,1.0
1996-01-21,1.0,1.0,1.0,1.0
1996-01-28,1.0,1.0,1.0,1.0
1996-02-04,1.0,1.0,1.0,1.0
1996-02-11,1.0,1.0,1.0,1.0
1996-02-18,1.0,1.0,1.0,1.0
1996-02-25,1.0,1.0,1.0,1.0
1996-03-03,1.0,1.0,1.0,1.0
1996-03-10,1.0,1.0,1.0,1.0
1996-03-17,1.0,1.0,1.0,1.0
1996-03-24,1.0,1.0,1.0,1.0
1996-03-31,1.0,1.0,1.0,1.0
1996-04-07,1.0,1.0,1.0,1.0
1996-04-14,1.0,1.0,1.0,1.0
1996-04-21,1.0,1.0,1.0,1.0
1996-04-28,1.0,1.0,1.0,1.0
1996-05-05,1.0,1.0,1.0,1.0
1996-05-12,1.0,1.0,1.0,1.0
1996-05-19,1.0,1.0,1.0,1.0
1996-05-26,1.0,1.0,1.0,1.0
1996-06-02,1.0,1.0,1.0,1.0
1996-06-09,1.0,1.0,1.0,1.0
1996-06-16,1.0,1.0,1.0,1.0
1996-06-23,1.0,1.0,1.0,1.0
1996-06-30,1.0,1.0,1.0,1.0
1996-07-07,1.0,1.0,1.0,1.0
1996-07-14,1.0,1.0,1.0,1.0
1996-07-21,1.0,1.0,1.0,1.0
1996-07-28,1.0,1.0,1.0,1.0
1996-08-04,1.0,1.0,1.0,1.0
1996-08-11,1.0,1.0,1.0,1.0
1996-08-18,1.0,1.0,1.0,1.0
1996-08-25,1.0,1.0,1.0,1.0
1996-09-01,1.0,1.0,1.0,1.0
1996-09-08,1.0,1.0,1.0,1.0
1996-09-15,1.0,1.0,1.0,1.0
1996-09-22,1.0,1.0,1.0,1.0
1996-09-29,1.0,1.0,1.0,1.0
1996-10-06,1.0,1.0,1.0,1.0
1996-10-13,1.0,1.0,1.0,1.0
1996-10-20,1.0,1.0,1.0,1.0
1996-10-27,1.0,1.0,1.0,1.0
1996-11-03,1.0,1.0,1.0,1.0
1996-11-10,1.0,1.0,1.0,1.0
1996-11-17,1.0,1.0,1.0,1.0
1996-11-24,1.0,1.0,1.0,1.0
1996-12-01,1.0,1.0,1.0,1.0
1996-12-08,1.0,1.0,1.0,1.0
1996-12-15,1.0,1.0,1.0,1.0
1996-12-22,1.0,1.0,1.0,1.0
1996-12-29,1.0,1.0,1.0,1.0
1997-01-05,1.0,1.0,1.0,1.0
1997-01-12,1.0,1.0,1.0,1.0
1997-01-19,1.0,1.0,1.0,1.0
1997-01-26,1.0,1.0,1.0,1.0
1997-02-02,1.0,1.0,1.0,1.0
1997-02-09,1.0,1180.0,1.0,1140.0
1997-02-16,1140.0,1140.0,1120.0,1140.0
1997-02-23,1125.0,1140.0,1120.0,1140.0
1997-03-02,1120.0,1140.0,1120.0,1120.0
1997-03-09,1120.0,1220.0,1040.0,1040.0
1997-03-16,1060.0,1060.0,840.0,980.0
1997-03-23,980.0,980.0,940.0,980.0
1997-03-30,940.0,980.0,935.0,935.0
1997-04-06,960.0,960.0,900.0,900.0
1997-04-13,900.0,900.0,800.0,860.0
1997-04-20,860.0,860.0,780.0,780.0
1997-04-27,780.0,820.0,620.0,640.0
1997-05-04,640.0,640.0,580.0,640.0
1997-05-11,640.0,640.0,560.0,600.0
1997-05-18,620.0,700.0,580.0,660.0
1997-05-25,660.0,700.0,640.0,680.0
1997-06-01,680.0,680.0,640.0,680.0
1997-06-08,680.0,910.0,640.0,880.0
1997-06-15,880.0,900.0,840.0,900.0
1997-06-22,900.0,1040.0,820.0,1000.0
1997-06-29,1040.0,1360.0,1040.0,1080.0
1997-07-06,1060.0,1140.0,1060.0,1105.0
1997-07-13,1140.0,1140.0,1100.0,1140.0
1997-07-20,1100.0,1140.0,1060.0,1120.0
1997-07-27,1060.0,1120.0,1040.0,1080.0
1997-08-03,1040.0,1080.0,960.0,1020.0
1997-08-10,1020.0,1020.0,920.0,960.0
1997-08-17,920.0,960.0,860.0,880.0
1997-08-24,880.0,880.0,600.0,640.0
1997-08-31,660.0,660.0,560.0,600.0
1997-09-07,620.0,660.0,520.0,640.0
1997-09-14,660.0,660.0,640.0,660.0
1997-09-21,660.0,660.0,620.0,660.0
1997-09-28,660.0,1590.0,640.0,1270.0
1997-10-05,1270.0,1300.0,1100.0,1120.0
1997-10-12,1100.0,1260.0,1020.0,1200.0
1997-10-19,1160.0,1200.0,1060.0,1100.0
1997-10-26,1110.0,1140.0,960.0,1000.0
1997-11-02,980.0,1000.0,800.0,960.0
1997-11-09,970.0,980.0,880.0,890.0
1997-11-16,900.0,920.0,800.0,840.0
1997-11-23,800.0,1300.0,760.0,1230.0
1997-11-30,1180.0,1220.0,1040.0,1060.0
1997-12-07,1080.0,1270.0,1040.0,1100.0
1997-12-14,1080.0,1120.0,840.0,850.0
1997-12-21,860.0,860.0,720.0,800.0
1997-12-28,820.0,840.0,760.0,760.0
1998-01-04,780.0,800.0,700.0,760.0
1998-01-11,780.0,860.0,750.0,760.0
1998-01-18,760.0,840.0,720.0,820.0
1998-01-25,810.0,840.0,760.0,840.0
1998-02-01,840.0,840.0,740.0,760.0
1998-02-08,740.0,760.0,720.0,730.0
1998-02-15,730.0,820.0,720.0,780.0
1998-02-22,790.0,820.0,760.0,790.0
1998-03-01,800.0,1040.0,760.0,1020.0
1998-03-08,1020.0,1040.0,820.0,860.0
1998-03-15,860.0,880.0,820.0,850.0
1998-03-22,880.0,880.0,800.0,820.0
1998-03-29,860.0,860.0,720.0,740.0
1998-04-05,720.0,780.0,680.0,740.0
1998-04-12,730.0,760.0,700.0,725.0
1998-04-19,720.0,750.0,640.0,650.0
1998-04-26,650.0,1080.0,640.0,690.0
1998-05-03,660.0,850.0,660.0,760.0
1998-05-10,740.0,840.0,670.0,680.0
1998-05-17,730.0,890.0,710.0,730.0
1998-05-24,720.0,780.0,680.0,720.0
1998-05-31,702.5,720.0,640.0,680.0
1998-06-07,680.0,680.0,560.0,630.0
1998-06-14,640.0,640.0,560.0,580.0
1998-06-21,620.0,650.0,580.0,620.0
1998-06-28,630.0,630.0,580.0,620.0
1998-07-05,600.0,640.0,440.0,505.0
1998-07-12,500.0,560.0,480.0,540.0
1998-07-19,560.0,600.0,520.0,600.0
1998-07-26,620.0,620.0,500.0,540.0
1998-08-02,560.0,560.0,480.0,480.0
1998-08-09,510.0,510.0,400.0,410.0
1998-08-16,410.0,480.0,400.0,480.0
1998-08-23,500.0,580.0,440.0,460.0
1998-08-30,440.0,480.0,400.0,400.0
1998-09-06,400.0,440.0,320.0,325.0
1998-09-13,347.5,380.0,300.0,320.0
1998-09-20,330.0,380.0,300.0,320.0
1998-09-27,330.0,360.0,310.0,340.0
1998-10-04,340.0,350.0,290.0,290.0
1998-10-11,300.0,380.0,290.0,300.0
1998-10-18,340.0,360.0,300.0,300.0
1998-10-25,360.0,440.0,320.0,395.0
1998-11-01,440.0,460.0,400.0,400.0
1998-11-08,400.0,720.0,390.0,510.0
1998-11-15,610.0,620.0,430.0,440.0
1998-11-22,430.0,440.0,340.0,360.0
1998-11-29,360.0,410.0,350.0,400.0
1998-12-06,400.0,440.0,360.0,420.0
1998-12-13,420.0,1040.0,370.0,530.0
1998-12-20,580.0,600.0,460.0,550.0
1998-12-27,550.0,560.0,440.0,467.5
1999-01-03,450.0,500.0,400.0,455.0
1999-01-10,480.0,480.0,420.0,450.0
1999-01-17,480.0,480.0,425.0,440.0
1999-01-24,467.5,580.0,437.5,500.0
1999-01-31,500.0,560.0,460.0,490.0
1999-02-07,515.0,540.0,480.0,480.0
1999-02-14,495.0,495.0,440.0,460.0
1999-02-21,472.5,490.0,410.0,420.0
1999-02-28,420.0,440.0,360.0,400.0
1999-03-07,400.0,400.0,330.0,350.0
1999-03-14,350.0,460.0,340.0,400.0
1999-03-21,390.0,440.0,390.0,400.0
1999-03-28,410.0,440.0,380.0,410.0
1999-04-04,410.0,440.0,327.5,345.0
1999-04-11,360.0,397.5,300.0,320.0
1999-04-18,315.0,340.0,275.0,310.0
1999-04-25,330.0,340.0,290.0,310.0
1999-05-02,310.0,330.0,270.0,280.0
1999-05-09,320.0,340.0,260.0,275.0
1999-05-16,295.0,360.0,265.0,290.0
1999-05-23,310.0,310.0,280.0,290.0
1999-05-30,290.0,310.0,275.0,280.0
1999-06-06,282.5,302.5,220.0,230.0
1999-06-13,250.0,250.0,170.0,220.0
1999-06-20,207.5,230.0,200.0,220.0
1999-06-27,230.0,240.0,200.0,210.0
1999-07-04,200.0,220.0,200.0,220.0
1999-07-11,220.0,450.0,210.0,280.0
1999-07-18,300.0,345.0,260.0,310.0
1999-07-25,320.0,325.0,290.0,310.0
1999-08-01,310.0,335.0,270.0,280.0
1999-08-08,310.0,310.0,270.0,270.0
1999-08-15,270.0,280.0,250.0,250.0
1999-08-22,250.0,280.0,240.0,265.0
1999-08-29,275.0,280.0,260.0,280.0
1999-09-05,290.0,290.0,250.0,265.0
1999-09-12,268.75,275.0,245.0,245.0
1999-09-19,245.0,260.0,230.0,260.0
1999-09-26,255.0,255.0,220.0,230.0
1999-10-03,232.5,240.0,200.0,210.0
1999-10-10,210.0,215.0,110.0,120.0
1999-10-17,120.0,140.0,85.0,100.0
1999-10-24,95.0,115.0,90.0,95.0
1999-10-31,100.0,100.0,50.0,70.0
1999-11-07,65.0,110.0,65.0,100.0
1999-11-14,95.0,110.0,85.0,100.0
1999-11-21,97.5,110.0,87.5,87.5
1999-11-28,95.0,95.0,75.0,85.0
1999-12-05,90.0,340.0,80.0,150.0
1999-12-12,160.0,310.0,140.0,150.0
1999-12-19,155.0,160.0,105.0,115.0
1999-12-26,115.0,128.75,90.0,115.0
2000-01-02,110.0,185.0,105.0,125.0
2000-01-09,127.5,180.0,115.0,160.0
2000-01-16,165.0,200.0,160.0,190.0
2000-01-23,189.375,220.0,160.0,190.0
2000-01-30,240.0,390.0,215.0,235.0
2000-02-06,250.0,260.0,170.0,225.0
2000-02-13,250.0,750.0,200.0,700.0
2000-02-20,795.0,1030.0,620.0,710.0
2000-02-27,726.875,745.0,480.0,570.0
2000-03-05,600.0,935.0,500.0,810.0
2000-03-12,910.0,1450.0,860.0,915.0
2000-03-19,900.0,1320.0,760.0,930.0
2000-03-26,965.0,1030.0,800.0,840.0
2000-04-02,860.0,900.0,515.0,680.0
2000-04-09,685.0,760.0,480.0,690.0
2000-04-16,685.0,695.0,350.0,365.0
2000-04-23,360.0,600.0,305.0,496.25
2000-04-30,485.0,515.0,425.0,460.0
2000-05-07,465.0,640.0,460.0,510.0
2000-05-14,510.0,510.0,410.0,440.0
2000-05-21,420.0,550.0,400.0,475.0
2000-05-28,455.0,540.0,380.0,420.0
2000-06-04,440.625,515.0,415.0,472.5
2000-06-11,470.0,580.0,450.0,485.0
2000-06-18,500.0,510.0,410.0,420.0
2000-06-25,417.5,490.0,400.0,430.0
2000-07-02,440.0,445.0,385.0,385.0
2000-07-09,395.0,405.0,365.0,385.0
2000-07-16,380.0,415.0,360.0,375.0
2000-07-23,377.5,380.0,325.0,330.0
2000-07-30,335.0,355.0,260.0,260.0
2000-08-06,270.0,310.0,240.0,290.0
2000-08-13,290.0,300.0,250.0,255.0
2000-08-20,275.0,280.0,240.0,245.0
2000-08-27,247.5,845.0,240.0,590.0
2000-09-03,562.5,630.0,480.0,520.0
2000-09-10,510.0,550.0,440.0,485.0
2000-09-17,480.0,700.0,400.0,690.0
2000-09-24,680.0,680.0,480.0,510.0
2000-10-01,532.5,540.0,440.0,450.0
2000-10-08,457.5,470.0,370.0,415.0
2000-10-15,420.0,440.0,320.0,340.0
2000-10-22,365.0,400.0,320.0,340.0
2000-10-29,340.0,390.0,320.0,325.0
2000-11-05,322.5,330.0,285.0,315.0
2000-11-12,322.5,330.0,290.0,290.0
2000-11-19,282.5,330.0,270.0,290.0
2000-11-26,285.0,290.0,240.0,275.0
2000-12-03,282.5,290.0,180.0,220.0
2000-12-10,237.5,260.0,190.0,195.0
2000-12-17,202.5,225.0,190.0,195.0
2000-12-24,192.5,270.0,145.0,180.0
2000-12-31,176.25,182.5,120.0,140.0
2001-01-07,148.125,200.0,135.0,175.0
2001-01-14,180.0,210.0,160.0,200.0
2001-01-21,213.75,260.0,196.25,235.0
2001-01-28,232.5,310.0,200.0,225.0
2001-02-04,225.0,250.0,210.0,225.0
2001-02-11,215.0,230.0,180.0,190.0
2001-02-18,190.0,210.0,180.0,195.0
2001-02-25,191.875,195.0,155.0,165.0
2001-03-04,170.0,220.0,150.0,160.0
2001-03-11,160.0,165.0,135.0,137.5
2001-03-18,145.0,175.0,120.0,150.0
2001-03-25,160.0,160.0,125.0,145.0
2001-04-01,145.0,150.0,120.0,125.0
2001-04-08,130.0,135.0,120.0,130.0
2001-04-15,134.4,136.4,120.0,134.0
2001-04-22,131.2,171.2,128.0,155.2
2001-04-29,158.4,160.0,139.2,142.4
2001-05-06,140.8,158.4,139.2,140.8
2001-05-13,147.2,208.0,137.6,155.2
2001-05-20,153.6,198.4,142.4,169.6
2001-05-27,184.0,368.0,177.6,308.8
2001-06-03,299.6,308.0,216.0,243.2
2001-06-10,243.2,416.0,216.0,328.0
2001-06-17,332.8,332.8,259.2,268.8
2001-06-24,275.2,278.4,227.2,244.8
2001-07-01,244.8,252.8,225.6,230.4
2001-07-08,224.0,302.4,224.0,278.4
2001-07-15,288.0,302.4,256.0,264.0
2001-07-22,265.6,361.6,262.4,326.4
2001-07-29,377.6,395.2,299.2,340.8
2001-08-05,347.2,356.8,264.0,264.0
2001-08-12,272.0,380.8,264.0,291.2
2001-08-19,286.4,291.2,217.6,228.8
2001-08-26,232.0,241.6,179.2,203.2
2001-09-02,206.4,216.0,176.0,184.0
2001-09-09,184.79999999999998,222.4,166.4,192.0
2001-09-16,190.4,192.0,162.05714285714285,173.4857142857143
2001-09-23,169.6,184.0,144.0,148.8
2001-09-30,152.0,190.4,144.0,168.0
2001-10-07,168.0,206.4,158.4,184.0
2001-10-14,182.4,198.4,169.6,176.0
2001-10-21,176.0,182.4,160.0,168.0
2001-10-28,169.6,180.8,161.6,176.0
2001-11-04,176.0,184.0,160.0,164.8
2001-11-11,171.2,174.4,161.6,163.2
2001-11-18,161.6,168.0,152.0,156.8
2001-11-25,153.6,163.2,148.8,161.6
2001-12-02,187.2,200.0,163.2,176.0
2001-12-09,177.6,182.4,161.6,164.8
2001-12-16,163.2,169.6,152.0,153.6
2001-12-23,158.4,196.8,153.6,158.4
2001-12-30,160.0,161.6,153.6,156.8
2002-01-06,155.2,160.0,153.6,158.4
2002-01-13,156.8,176.0,155.2,166.4
2002-01-20,160.0,166.4,153.6,158.4
2002-01-27,157.6,160.0,132.8,152.0
2002-02-03,150.4,153.6,134.4,136.0
2002-02-10,137.6,139.2,121.6,134.4
2002-02-17,134.4,156.8,132.8,140.8
2002-02-24,144.0,145.6,132.8,134.4
2002-03-03,136.0,168.0,128.0,139.2
2002-03-10,137.6,142.4,128.0,132.8
2002-03-17,132.8,134.4,120.0,124.8
2002-03-24,123.2,128.0,97.6,120.0
2002-03-31,118.4,123.2,114.8,116.0
2002-04-07,118.4,120.0,97.6,107.2
2002-04-14,104.0,112.0,99.2,104.0
2002-04-21,104.0,108.8,99.2,107.2
2002-04-28,107.2,118.4,99.2,100.8
2002-05-05,105.6,115.2,99.2,113.6
2002-05-12,110.4,112.0,96.0,97.6
2002-05-19,99.2,100.8,72.0,86.4
2002-05-26,86.4,96.0,75.2,83.2
2002-06-02,80.8,86.4,76.8,83.2
2002-06-09,78.4,88.0,76.8,80.0
2002-06-16,78.4,80.0,64.0,68.8
2002-06-23,73.6,73.6,56.0,62.4
2002-06-30,59.2,72.0,54.4,59.2
2002-07-07,59.2,60.8,48.0,56.0
2002-07-14,57.6,62.4,51.2,52.8
2002-07-21,52.8,102.4,46.4,65.6
2002-07-28,62.4,68.8,56.0,59.2
2002-08-04,59.2,67.2,57.6,64.0
2002-08-11,65.6,65.6,59.2,60.8
2002-08-18,59.2,65.6,57.6,60.8
2002-08-25,60.8,64.0,57.6,62.4
2002-09-01,62.4,65.6,57.6,62.4
2002-09-08,62.4,64.0,57.6,59.2
2002-09-15,59.2,64.0,51.2,56.0
2002-09-22,56.0,62.4,49.6,54.4
2002-09-29,60.8,62.4,38.4,43.2
2002-10-06,43.2,49.6,40.0,43.2
2002-10-13,40.0,43.2,35.2,40.0
2002-10-20,40.0,43.2,36.8,40.0
2002-10-27,40.0,41.6,36.8,41.6
2002-11-03,41.6,54.4,36.8,51.2
2002-11-10,54.4,86.4,46.4,70.4
2002-11-17,67.2,81.6,49.6,54.4
2002-11-24,54.4,57.6,49.6,54.4
2002-12-01,52.8,96.0,51.2,92.8
2002-12-08,92.8,94.4,64.0,68.8
2002-12-15,67.2,105.6,67.2,94.4
2002-12-22,99.2,100.8,80.0,84.8
2002-12-29,86.4,91.2,72.0,78.4
2003-01-05,73.6,86.4,70.4,76.8
2003-01-12,76.8,86.4,67.2,78.4
2003-01-19,86.4,86.4,72.0,75.2
2003-01-26,74.39999999999999,76.0,60.8,62.4
2003-02-02,60.8,62.4,52.8,59.2
2003-02-09,60.8,62.4,52.8,54.4
2003-02-16,52.8,72.0,51.2,56.0
2003-02-23,55.2,55.2,44.8,49.6
2003-03-02,46.4,49.6,44.8,48.0
2003-03-09,46.4,48.0,43.2,43.2
2003-03-16,43.2,48.0,40.0,44.8
2003-03-23,46.4,62.4,41.6,46.4
2003-03-30,44.8,52.8,43.2,48.0
2003-04-06,46.4,91.2,44.8,57.6
2003-04-13,59.2,65.6,51.2,57.6
2003-04-20,59.2,64.0,52.8,58.0
2003-04-27,59.2,73.6,56.0,64.0
2003-05-04,60.8,92.8,57.6,76.8
2003-05-11,80.0,81.6,68.8,78.4
2003-05-18,75.2,84.8,64.0,78.4
2003-05-25,76.8,120.0,72.0,105.6
2003-06-01,110.4,136.0,100.0,107.2
2003-06-08,110.4,158.4,104.0,145.6
2003-06-15,147.2,280.0,136.0,232.0
2003-06-22,238.4,240.0,179.2,190.4
2003-06-29,204.8,219.2,153.6,169.6
2003-07-06,164.8,169.6,147.2,160.4
2003-07-13,166.4,182.4,148.8,158.4
2003-07-20,156.8,161.6,136.0,139.2
2003-07-27,136.0,156.8,128.0,142.4
2003-08-03,140.8,153.6,136.0,144.0
2003-08-10,142.4,145.6,126.4,134.4
2003-08-17,131.2,150.4,128.0,140.8
2003-08-24,134.4,204.8,131.2,169.6
2003-08-31,166.4,179.2,153.6,168.0
2003-09-07,211.6,232.0,184.8,214.4
2003-09-14,216.0,262.4,209.6,254.4
2003-09-21,278.4,292.8,240.0,262.4
2003-09-28,260.8,292.8,238.4,244.8
2003-10-05,248.0,265.6,224.0,238.4
2003-10-12,249.6,256.0,235.2,238.4
2003-10-19,240.0,251.2,233.6,240.0
2003-10-26,238.4,241.6,228.8,233.6
2003-11-02,230.4,236.8,200.0,201.6
2003-11-09,201.6,240.0,201.6,220.8
2003-11-16,219.2,228.8,206.4,209.6
2003-11-23,211.2,240.0,200.0,212.8
2003-11-30,227.2,241.6,217.6,232.0
2003-12-07,232.0,251.2,224.0,240.0
2003-12-14,241.6,241.6,208.0,222.4
2003-12-21,227.2,232.0,206.4,211.2
2003-12-28,208.0,211.2,201.6,204.8
2004-01-04,203.2,227.2,200.0,220.8
2004-01-11,232.0,252.8,220.8,240.0
2004-01-18,244.8,268.8,240.0,254.4
2004-01-25,252.4,281.6,240.0,264.0
2004-02-01,262.4,275.2,240.0,260.8
2004-02-08,260.8,268.8,224.0,238.4
2004-02-15,238.4,265.6,232.0,241.6
2004-02-22,245.20000000000002,249.2,232.0,235.2
2004-02-29,243.2,244.8,216.0,222.4
2004-03-07,225.6,264.0,222.4,235.2
2004-03-14,233.6,238.4,212.8,222.4
2004-03-21,227.2,230.4,206.4,224.0
2004-03-28,220.8,224.0,203.2,212.8
2004-04-04,220.8,222.4,208.0,212.8
2004-04-11,211.2,216.0,178.39999999999998,181.6
2004-04-18,179.2,192.0,166.4,185.6
2004-04-25,188.8,201.6,177.6,179.2
2004-05-02,182.4,206.4,155.2,161.6
2004-05-09,171.2,174.4,132.8,163.2
2004-05-16,164.8,168.0,140.8,145.6
2004-05-23,136.0,148.8,128.0,131.2
2004-05-30,134.4,147.2,128.0,136.0
2004-06-06,132.0,163.2,131.2,155.2
2004-06-13,158.4,192.0,148.8,163.2
2004-06-20,168.0,168.0,144.0,150.4
2004-06-27,145.6,150.4,140.8,147.2
2004-07-04,145.6,150.4,139.2,144.0
2004-07-11,144.0,145.2,131.2,136.0
2004-07-18,134.4,155.2,132.8,142.4
2004-07-25,147.2,147.2,129.6,139.2
2004-08-01,139.2,148.8,123.2,128.0
2004-08-08,128.0,134.4,112.0,115.2
2004-08-15,112.0,120.0,100.8,112.0
2004-08-22,116.8,124.8,110.4,121.6
2004-08-29,124.8,134.4,121.6,131.2
2004-09-05,131.2,152.0,128.0,150.4
2004-09-12,149.6,155.2,136.0,140.8
2004-09-19,144.0,150.4,140.8,145.6
2004-09-26,152.0,153.6,140.8,147.2
2004-10-03,144.0,153.6,140.8,147.2
2004-10-10,147.2,182.4,147.2,174.4
2004-10-17,185.6,187.2,160.0,168.0
2004-10-24,174.4,212.8,169.6,184.0
2004-10-31,192.0,265.6,188.8,192.0
2004-11-07,206.4,238.4,164.8,180.8
2004-11-14,179.2,187.2,152.0,161.6
2004-11-21,163.2,164.8,134.4,153.6
2004-11-28,155.2,172.8,145.6,161.6
2004-12-05,169.6,188.8,163.2,168.0
2004-12-12,168.0,177.6,160.0,177.6
2004-12-19,177.6,188.8,172.8,182.4
2004-12-26,190.4,212.79999999999998,180.8,200.0
2005-01-02,208.0,233.6,193.6,227.2
2005-01-09,233.6,400.0,217.6,364.8
2005-01-16,416.0,486.4,364.8,432.0
2005-01-23,450.0,697.6,430.4,640.0
2005-01-30,592.0,608.0,444.8,510.4
2005-02-06,552.0,606.4,528.0,569.6
2005-02-13,547.2,563.2,444.8,464.0
2005-02-20,467.2,523.2,409.6,488.0
2005-02-27,490.0,494.40000000000003,420.8,427.2
2005-03-06,416.0,500.8,395.2,452.8
2005-03-13,452.8,465.6,425.6,438.4
2005-03-20,440.0,456.0,385.6,400.0
2005-03-27,388.8,403.2,360.0,370.4
2005-04-03,384.0,387.2,323.2,337.6
2005-04-10,342.4,361.6,316.8,345.6
2005-04-17,348.8,398.4,345.6,372.8
2005-04-24,380.8,380.8,324.8,328.0
2005-05-01,324.8,360.0,304.0,320.0
2005-05-08,310.4,368.0,300.8,345.6
2005-05-15,345.6,350.4,320.0,329.6
2005-05-22,328.0,478.4,328.0,443.2
2005-05-29,467.2,472.0,404.8,420.8
2005-06-05,425.6,454.4,416.40000000000003,420.8
2005-06-12,424.0,430.4,408.0,416.0
2005-06-19,419.2,497.6,411.2,460.8
2005-06-26,465.6,484.8,441.6,470.4
2005-07-03,470.4,524.8,456.0,523.2
2005-07-10,516.4,564.8,499.2,521.6
2005-07-17,528.0,569.6,497.6,512.0
2005-07-24,520.0,536.0,468.8,475.2
2005-07-31,470.4,540.8,448.0,510.4
2005-08-07,523.2,523.2,480.0,483.2
2005-08-14,483.2,488.0,449.6,456.0
2005-08-21,454.4,475.2,420.8,448.0
2005-08-28,462.4,472.0,446.4,446.4
2005-09-04,440.0,456.0,432.0,438.4
2005-09-11,441.20000000000005,448.0,414.4,417.6
2005-09-18,420.8,420.8,340.8,361.6
2005-09-25,366.4,416.0,348.8,376.0
2005-10-02,379.2,385.6,358.4,376.0
2005-10-09,376.0,382.4,345.6,352.0
2005-10-16,355.2,360.0,304.0,336.0
2005-10-23,344.0,358.4,329.6,337.6
2005-10-30,342.4,363.2,332.8,355.2
2005-11-06,353.6,368.0,336.0,348.8
2005-11-13,344.0,352.0,328.0,347.2
2005-11-20,352.0,352.0,334.4,345.6
2005-11-27,340.8,344.0,328.0,332.8
2005-12-04,331.2,348.8,321.6,337.6
2005-12-11,339.2,353.6,323.2,353.6
2005-12-18,352.0,366.4,334.4,353.6
2005-12-25,350.4,404.8,334.4,358.4
2006-01-01,361.6,368.0,331.2,337.6
2006-01-08,342.4,350.4,328.0,348.8
2006-01-15,348.8,364.8,337.6,347.2
2006-01-22,346.8,352.0,328.0,334.4
2006-01-29,336.0,337.6,328.0,332.8
2006-02-05,332.8,348.8,326.4,329.6
2006-02-12,329.6,342.4,265.6,280.0
2006-02-19,273.6,288.0,260.8,278.4
2006-02-26,279.2,294.4,267.2,292.8
2006-03-05,294.4,299.2,272.0,275.2
2006-03-12,276.8,280.0,260.8,267.2
2006-03-19,270.4,280.0,265.6,278.4
2006-03-26,286.4,363.2,272.0,328.0
2006-04-02,326.4,337.6,315.2,324.8
2006-04-09,328.0,328.0,259.2,262.4
2006-04-16,264.0,267.2,243.2,261.2
2006-04-23,260.8,264.0,251.2,251.2
2006-04-30,260.8,260.8,240.0,240.0
2006-05-07,244.8,249.6,240.0,244.8
2006-05-14,248.0,248.0,214.4,214.4
2006-05-21,208.0,233.6,203.2,211.2
2006-05-28,208.0,225.6,201.6,217.6
2006-06-04,212.8,218.8,205.6,211.2
2006-06-11,211.2,212.8,188.8,198.4
2006-06-18,196.8,201.6,176.0,193.6
2006-06-25,195.2,204.8,182.4,193.6
2006-07-02,187.2,212.8,180.8,212.8
2006-07-09,208.0,251.2,200.0,240.0
2006-07-16,240.0,241.6,206.4,232.0
2006-07-23,235.2,236.8,198.4,200.0
2006-07-30,203.2,208.0,188.8,192.0
2006-08-06,192.0,206.4,190.4,192.0
2006-08-13,192.0,196.8,185.6,185.6
2006-08-20,185.6,192.0,180.8,185.6
2006-08-27,185.6,203.2,179.2,184.0
2006-09-03,184.0,198.4,182.4,192.0
2006-09-10,196.8,198.4,182.4,184.0
2006-09-17,184.0,212.8,179.2,211.2
2006-09-24,212.8,212.8,187.2,190.4
2006-10-01,187.2,195.2,184.0,185.6
2006-10-08,184.0,195.2,179.2,190.4
2006-10-15,192.0,203.2,187.2,201.6
2006-10-22,206.4,236.8,201.6,227.2
2006-10-29,228.8,244.8,211.2,228.8
2006-11-05,232.0,262.4,227.2,241.6
2006-11-12,244.8,267.2,228.8,233.6
2006-11-19,236.8,240.0,225.6,235.2
2006-11-26,235.2,241.6,220.8,222.4
2006-12-03,220.8,225.6,208.0,212.8
2006-12-10,211.2,235.2,211.2,227.2
2006-12-17,232.0,232.0,208.0,209.6
2006-12-24,209.6,214.4,195.2,196.8
2006-12-31,196.0,201.6,195.2,196.8
2007-01-07,200.32,236.8,196.16,232.0
2007-01-14,241.6,264.0,209.6,219.2
2007-01-21,220.0,233.6,214.4,222.4
2007-01-28,224.0,225.6,216.0,219.2
2007-02-04,220.8,233.6,211.2,219.2
2007-02-11,224.0,238.4,219.2,233.6
2007-02-18,232.0,252.8,225.6,232.0
2007-02-25,232.8,252.8,227.2,240.0
2007-03-04,241.6,241.6,217.6,222.4
2007-03-11,214.4,227.2,209.6,220.8
2007-03-18,220.8,224.0,211.2,214.4
2007-03-25,211.2,216.0,209.6,214.4
2007-04-01,217.6,238.4,216.0,220.8
2007-04-08,224.0,257.6,224.0,250.0
2007-04-15,257.6,262.4,228.8,238.4
2007-04-22,240.0,241.6,228.8,228.8
2007-04-29,230.4,238.4,224.0,225.6
2007-05-06,233.6,233.6,224.0,225.6
2007-05-13,228.8,246.4,225.6,232.0
2007-05-20,230.4,241.6,230.4,230.4
2007-05-27,228.8,238.4,225.6,228.8
2007-06-03,226.79999999999998,230.4,224.0,225.6
2007-06-10,227.2,230.4,217.6,219.2
2007-06-17,222.4,224.0,217.6,222.4
2007-06-24,224.0,230.4,219.2,219.2
2007-07-01,219.2,222.4,208.0,214.4
2007-07-08,212.8,217.6,208.0,211.2
2007-07-15,212.8,216.0,211.2,212.8
2007-07-22,212.8,217.6,206.4,206.4
2007-07-29,206.4,208.0,195.2,196.8
2007-08-05,195.2,198.4,179.2,187.2
2007-08-12,187.2,200.0,179.2,198.4
2007-08-19,200.0,200.0,172.8,179.2
2007-08-26,179.2,184.0,176.0,176.0
2007-09-02,177.6,184.0,176.0,177.6
2007-09-09,179.2,184.0,177.6,182.4
2007-09-16,184.0,184.0,176.0,177.6
2007-09-23,180.8,180.8,177.6,179.2
2007-09-30,180.8,198.4,179.2,185.6
2007-10-07,185.6,228.8,185.6,206.4
2007-10-14,208.0,211.2,195.2,196.8
2007-10-21,196.8,203.2,172.8,188.8
2007-10-28,190.4,190.4,166.4,168.0
2007-11-04,171.2,171.2,161.6,163.2
2007-11-11,163.2,164.8,137.6,144.0
2007-11-18,144.0,158.4,137.6,137.6
2007-11-25,137.6,150.4,134.4,144.0
2007-12-02,150.4,150.4,136.0,147.2
2007-12-09,145.6,150.4,132.8,137.6
2007-12-16,137.6,137.6,113.6,115.2
2007-12-23,115.2,115.2,94.4,94.4
2007-12-30,92.8,99.2,88.0,88.0
2008-01-06,84.8,100.8,78.4,96.0
2008-01-13,100.8,100.8,80.0,88.0
2008-01-20,88.0,104.0,83.2,92.8
2008-01-27,89.2,92.8,80.0,86.4
2008-02-03,88.0,100.8,84.8,97.6
2008-02-10,100.8,134.4,97.6,105.6
2008-02-17,108.8,116.8,104.0,105.6
2008-02-24,100.8,108.8,99.2,99.2
2008-03-02,89.6,96.0,83.2,83.2
2008-03-09,83.2,91.2,67.2,72.0
2008-03-16,76.8,80.0,57.6,67.2
2008-03-23,64.0,68.8,59.2,63.199999999999996
2008-03-30,64.0,73.6,62.4,68.8
2008-04-06,68.8,75.2,64.0,70.4
2008-04-13,68.8,72.0,48.0,60.8
2008-04-20,60.8,75.2,52.8,64.0
2008-04-27,64.0,67.2,60.8,65.6
2008-05-04,65.6,65.6,62.4,64.0
2008-05-11,64.0,70.4,62.4,65.6
2008-05-18,62.4,68.8,62.4,62.4
2008-05-25,62.4,64.0,60.8,62.4
2008-06-01,62.4,64.0,60.8,62.4
2008-06-08,64.0,68.8,64.0,67.2
2008-06-15,67.2,70.4,64.0,67.2
2008-06-22,68.8,68.8,60.8,60.8
2008-06-29,60.8,64.0,56.0,56.0
2008-07-06,59.2,62.4,56.0,58.4
2008-07-13,56.0,62.4,56.0,57.6
2008-07-20,56.0,59.2,52.8,54.4
2008-07-27,57.6,64.0,52.8,59.2
2008-08-03,59.2,62.4,57.6,57.6
2008-08-10,59.2,59.2,54.4,56.0
2008-08-17,56.0,59.2,52.8,56.0
2008-08-24,54.4,56.0,48.0,49.6
2008-08-31,51.2,54.4,43.2,51.2
2008-09-07,50.400000000000006,59.2,50.400000000000006,54.4
2008-09-14,54.4,56.0,43.2,44.8
2008-09-21,46.4,46.4,32.0,43.2
2008-09-28,41.6,44.8,40.0,41.6
2008-10-05,41.6,44.8,33.6,35.2
2008-10-12,35.2,36.8,25.6,28.8
2008-10-19,32.0,59.2,24.0,46.4
2008-10-26,49.6,65.6,43.2,60.8
2008-11-02,60.8,64.0,48.0,64.0
2008-11-09,67.2,113.6,65.6,86.4
2008-11-16,104.0,118.4,73.6,86.4
2008-11-23,81.6,88.0,49.6,56.0
2008-11-30,57.6,67.2,56.0,59.2
2008-12-07,62.4,62.4,52.8,56.0
2008-12-14,56.0,73.6,56.0,65.6
2008-12-21,68.8,91.2,64.0,76.8
2008-12-28,76.8,88.0,68.8,80.0
2009-01-04,83.2,86.4,75.2,84.8
2009-01-11,84.8,102.4,81.6,88.0
2009-01-18,92.8,92.8,56.0,73.6
2009-01-25,84.0,113.6,70.8,94.4
2009-02-01,102.4,124.8,81.6,116.8
2009-02-08,104.0,112.0,94.4,102.4
2009-02-15,108.8,110.4,78.4,83.2
2009-02-22,84.0,96.0,64.0,72.0
2009-03-01,72.0,75.2,57.6,59.2
2009-03-08,60.8,88.0,49.6,52.8
2009-03-15,99.2,99.2,60.8,64.0
2009-03-22,65.6,65.6,56.0,56.0
2009-03-29,64.0,67.2,56.0,64.0
2009-04-05,64.0,67.2,57.6,59.2
2009-04-12,59.2,62.4,53.6,53.6
2009-04-19,56.0,59.2,51.2,56.0
2009-04-26,59.2,59.2,51.2,52.8
2009-05-03,51.2,65.6,51.2,60.8
2009-05-10,62.4,72.0,60.8,62.4
2009-05-17,64.0,64.0,59.2,59.2
2009-05-24,60.8,70.4,51.2,57.6
2009-05-31,54.8,57.6,52.4,54.4
2009-06-07,54.4,60.8,54.4,57.6
2009-06-14,59.2,60.8,56.0,56.0
2009-06-21,59.2,83.2,54.4,65.6
2009-06-28,70.4,70.4,60.8,64.0
2009-07-05,64.0,72.0,62.4,66.8
2009-07-12,67.2,68.8,57.6,60.8
2009-07-19,60.8,62.4,57.6,57.6
2009-07-26,57.6,64.0,56.0,62.4
2009-08-02,62.4,68.8,60.8,64.0
2009-08-09,64.0,78.4,60.8,72.0
2009-08-16,86.4,94.4,67.2,68.8
2009-08-23,64.0,73.6,64.0,72.0
2009-08-30,73.6,78.4,67.2,68.8
2009-09-06,70.4,72.0,64.0,68.8
2009-09-13,68.0,72.0,65.19999999999999,67.2
2009-09-20,67.2,70.4,64.0,67.2
2009-09-27,70.4,80.0,64.0,68.8
2009-10-04,68.8,83.2,65.6,65.6
2009-10-11,68.8,68.8,54.4,57.6
2009-10-18,57.6,60.8,52.8,57.6
2009-10-25,57.6,60.8,54.4,54.4
2009-11-01,54.4,57.6,46.4,49.6
2009-11-08,51.2,52.8,48.0,49.6
2009-11-15,49.6,59.2,49.6,54.4
2009-11-22,56.0,57.6,48.0,49.6
2009-11-29,49.6,51.2,44.8,46.4
2009-12-06,38.4,59.2,38.4,52.8
2009-12-13,54.4,54.4,48.0,49.6
2009-12-20,48.0,51.2,46.4,46.4
2009-12-27,48.0,56.0,46.4,51.2
2010-01-03,51.2,52.8,48.0,50.8
2010-01-10,49.6,56.0,48.0,51.2
2010-01-17,54.4,56.0,36.8,38.4
2010-01-24,41.6,42.4,35.2,38.4
2010-01-31,40.0,40.0,32.0,33.6
2010-02-07,35.2,38.4,32.0,35.2
2010-02-14,35.2,35.2,27.2,33.6
2010-02-21,32.8,39.0,28.8,31.8
2010-02-28,32.0,32.0,27.2,31.0
2010-03-07,31.0,32.0,28.6,30.4
2010-03-14,30.0,31.2,29.0,30.8
2010-03-21,30.4,34.4,30.4,34.4
2010-03-28,37.0,39.0,33.4,34.6
2010-04-04,35.0,35.0,31.6,33.1
2010-04-11,32.6,35.6,31.8,33.4
2010-04-18,33.6,38.0,33.4,36.0
2010-04-25,36.0,36.6,34.6,36.0
2010-05-02,36.4,37.0,32.2,32.4
2010-05-09,33.2,35.0,27.6,32.0
2010-05-16,32.6,34.0,31.6,31.8
2010-05-23,31.2,31.8,26.8,28.4
2010-05-30,28.4,30.2,26.4,29.6
2010-06-06,30.25,34.2,29.35,30.0
2010-06-13,30.0,31.4,28.0,30.6
2010-06-20,31.0,31.0,28.6,30.4
2010-06-27,30.4,31.0,28.2,30.0
2010-07-04,30.0,30.8,26.8,28.0
2010-07-11,28.25,31.8,27.349999999999998,31.0
2010-07-18,31.0,31.6,29.0,30.0
2010-07-25,29.4,31.6,28.6,30.8
2010-08-01,30.6,32.0,29.6,31.6
2010-08-08,32.0,33.0,30.2,31.0
2010-08-15,31.0,31.0,29.0,30.6
2010-08-22,31.0,31.6,29.0,29.2
2010-08-29,29.6,30.2,27.8,28.0
2010-09-05,28.0,30.4,28.0,29.6
2010-09-12,30.349999999999998,33.0,29.2,32.2
2010-09-19,32.0,32.4,30.0,31.6
2010-09-26,31.0,32.2,29.8,31.2
2010-10-03,31.2,31.4,30.2,31.0
2010-10-10,30.6,32.8,30.2,32.2
2010-10-17,32.8,32.8,28.4,29.4
2010-10-24,32.0,32.0,30.0,31.2
2010-10-31,31.2,48.0,30.8,40.6
2010-11-07,42.0,59.2,41.8,56.6
2010-11-14,58.0,84.4,56.0,84.0
2010-11-21,78.0,89.0,45.6,48.0
2010-11-28,50.8,50.8,42.0,44.0
2010-12-05,44.0,58.0,43.0,57.6
2010-12-12,59.6,67.8,44.6,47.4
2010-12-19,48.8,49.2,43.6,48.6
2010-12-26,48.0,48.0,45.0,45.650000000000006
2011-01-02,46.0,58.8,45.2,51.2
2011-01-09,51.6,54.6,51.6,52.0
2011-01-16,53.8,65.6,53.0,61.6
2011-01-23,63.65,64.0,51.2,52.4
2011-01-30,53.0,57.4,52.0,52.4
2011-02-06,52.4,59.2,51.4,57.2
2011-02-13,56.4,57.2,50.0,50.6
2011-02-20,50.0,51.0,46.0,46.4
2011-02-27,46.6,46.75,40.2,45.8
2011-03-06,46.0,47.0,40.2,45.8
2011-03-13,47.0,49.0,45.6,46.8
2011-03-20,44.8,46.8,43.2,44.4
2011-03-27,45.0,46.8,42.4,44.2
2011-04-03,47.6,53.6,47.4,50.8
2011-04-10,56.4,57.8,51.6,53.4
2011-04-17,53.6,54.4,49.4,52.0
2011-04-24,51.6,54.4,50.4,52.949999999999996
2011-05-01,53.0,56.6,51.2,54.2
2011-05-08,55.4,57.6,52.8,54.6
2011-05-15,54.6,55.8,52.4,55.4
2011-05-22,55.4,61.2,55.2,56.2
2011-05-29,55.8,62.4,54.2,62.0
2011-06-05,62.5,69.4,57.8,61.4
2011-06-12,61.0,61.6,56.4,57.8
2011-06-19,57.8,58.0,47.6,50.2
2011-06-26,49.8,56.0,49.2,53.4
2011-07-03,53.8,56.8,51.6,55.2
2011-07-10,54.400000000000006,56.2,53.0,54.6
2011-07-17,54.6,56.0,51.2,53.4
2011-07-24,52.6,58.6,51.8,57.0
2011-07-31,56.8,59.8,50.0,50.4
2011-08-07,55.8,55.8,45.4,47.0
2011-08-14,42.6,51.8,40.2,48.2
2011-08-21,51.6,53.4,47.6,50.6
2011-08-28,51.8,53.0,46.4,49.4
2011-09-04,50.0,53.6,49.2,51.6
2011-09-11,50.55,51.95,47.2,48.8
2011-09-18,47.6,54.8,46.4,50.2
2011-09-25,51.8,54.6,44.2,47.0
2011-10-02,47.2,49.4,43.8,44.8
2011-10-09,44.2,46.4,42.0,46.2
2011-10-16,47.2,48.8,45.0,48.2
2011-10-23,47.4,48.4,45.0,48.0
2011-10-30,48.4,53.8,48.2,52.0
2011-11-06,50.6,53.8,48.0,52.8
2011-11-13,52.6,56.8,50.6,55.0
2011-11-20,56.0,58.2,43.4,44.6
2011-11-27,43.8,44.8,42.0,42.8
2011-12-04,43.2,45.8,41.6,42.4
2011-12-11,43.6,45.0,41.4,41.8
2011-12-18,41.6,42.0,35.6,38.0
2011-12-25,37.6,38.6,35.2,36.6
2012-01-01,36.05,37.4,35.6,36.4
2012-01-08,36.8,38.8,35.0,37.4
2012-01-15,36.8,37.8,35.4,37.4
2012-01-22,37.05,43.0,35.85,39.4
2012-01-29,39.2,42.2,38.8,40.6
2012-02-05,40.6,41.2,39.0,40.0
2012-02-12,40.0,40.4,36.6,36.6
2012-02-19,37.0,38.2,35.8,36.8
2012-02-26,36.8,38.0,35.0,35.6
2012-03-04,35.6,37.6,35.0,37.0
2012-03-11,37.2,54.4,35.8,44.0
2012-03-18,44.0,45.8,40.0,41.2
2012-03-25,40.8,41.8,37.0,38.2
2012-04-01,38.2,41.2,37.4,40.4
2012-04-08,40.4,41.9,38.2,40.800000000000004
2012-04-15,41.8,44.6,40.0,43.6
2012-04-22,45.0,52.8,43.6,51.2
2012-04-29,51.6,54.4,47.4,49.8
2012-05-06,50.0,52.2,46.4,47.4
2012-05-13,46.8,52.0,46.2,50.4
2012-05-20,48.0,49.6,40.0,40.2
2012-05-27,41.0,46.4,40.2,41.0
2012-06-03,40.9,43.0,38.6,39.2
2012-06-10,40.0,47.0,38.4,45.2
2012-06-17,45.6,45.8,43.2,43.8
2012-06-24,43.8,46.6,42.6,44.0
2012-07-01,43.4,44.0,42.0,43.0
2012-07-08,42.4,43.6,41.8,43.6
2012-07-15,42.8,43.8,40.2,41.6
2012-07-22,41.2,42.0,38.8,39.8
2012-07-29,39.8,41.8,38.8,40.0
2012-08-05,40.0,40.4,37.2,37.2
2012-08-12,37.6,38.8,34.8,35.4
2012-08-19,35.8,37.0,35.2,36.4
2012-08-26,35.6,35.6,30.4,32.0
2012-09-02,32.2,34.2,31.6,33.4
2012-09-09,33.75,35.8,33.0,34.6
2012-09-16,34.4,35.0,32.0,33.6
2012-09-23,33.2,36.0,33.2,35.0
2012-09-30,35.0,35.0,32.0,32.6
2012-10-07,32.8,33.4,30.0,30.2
2012-10-14,30.0,31.2,28.8,29.4
2012-10-21,29.4,31.6,28.4,29.0
2012-10-28,29.4,30.6,29.2,29.2
2012-11-04,29.6,29.8,28.6,29.6
2012-11-11,29.6,31.4,28.8,28.8
2012-11-18,29.2,29.4,24.0,24.8
2012-11-25,25.0,25.4,22.2,23.6
2012-12-02,23.6,27.2,22.4,25.8
2012-12-09,26.2,27.0,24.4,26.4
2012-12-16,26.4,29.8,25.2,27.6
2012-12-23,27.0,28.8,26.6,27.4
2012-12-30,27.2,27.4,25.4,25.4
2013-01-06,26.0,28.4,25.2,28.2
2013-01-13,28.0,29.0,26.2,27.0
2013-01-20,26.8,29.4,26.4,27.0
2013-01-27,27.2,27.25,25.4,25.6
2013-02-03,26.0,27.4,25.4,27.2
2013-02-10,27.2,28.2,26.0,26.6
2013-02-17,26.8,27.0,24.6,25.0
2013-02-24,25.2,25.6,23.0,24.0
2013-03-03,24.6,26.4,23.2,24.2
2013-03-10,24.0,26.8,23.6,25.0
2013-03-17,25.2,26.6,25.0,25.6
2013-03-24,25.6,26.4,22.2,23.2
2013-03-31,24.2,24.4,13.4,14.35
2013-04-07,14.0,16.2,14.0,15.2
2013-04-14,15.0,15.2,14.0,14.4
2013-04-21,14.8,14.8,13.8,14.2
2013-04-28,14.0,14.4,13.8,13.8
2013-05-05,13.4,13.4,10.4,11.4
2013-05-12,10.8,12.4,10.8,12.0
2013-05-19,11.6,12.0,11.4,11.4
2013-05-26,11.4,11.8,11.0,11.0
2013-06-02,11.5,11.8,11.0,11.4
2013-06-09,11.0,11.6,11.0,11.0
2013-06-16,11.0,11.2,10.4,10.4
2013-06-23,10.4,11.0,9.2,9.4
2013-06-30,9.6,9.8,8.0,8.0
2013-07-07,8.2,8.6,7.0,7.4
2013-07-14,7.6,7.8,6.8,7.6
2013-07-21,7.6,8.4,7.0,7.6
2013-07-28,7.4,7.8,7.0,7.2
2013-08-04,6.6,13.6,6.6,11.8
2013-08-11,13.2,17.8,9.0,11.4
2013-08-18,12.0,12.0,5.4,6.0
2013-08-25,6.0,6.4,5.6,6.0
2013-09-01,6.0,6.0,5.4,5.4
2013-09-08,5.6,6.0,5.4,5.8
2013-09-15,5.8,6.8,5.8,5.8
2013-09-22,6.0,6.6,5.6,5.8
2013-09-29,5.8,6.0,5.6,5.6
2013-10-06,5.8,5.8,5.4,5.4
2013-10-13,5.4,5.6,3.6,4.0
2013-10-20,4.0,5.35,3.53,5.2
2013-10-27,5.61,6.25,4.13,4.34
2013-11-03,4.25,4.3,3.59,3.98
2013-11-10,4.01,4.25,3.63,3.86
2013-11-17,3.93,3.93,3.47,3.5
2013-11-24,3.5,3.54,3.21,3.28
2013-12-01,3.3,4.5,3.16,4.35
2013-12-08,4.0,4.04,3.56,3.63
2013-12-15,3.63,3.64,3.31,3.36
2013-12-22,3.36,3.4,3.25,3.38
2013-12-29,3.4,3.5,3.26,3.3
2014-01-05,3.3,3.66,3.14,3.57
2014-01-12,3.63,4.34,3.62,4.03
2014-01-19,4.09,4.1,3.5,3.77
2014-01-26,3.785,4.0,3.7,3.71
2014-02-02,3.73,3.74,3.35,3.61
2014-02-09,3.64,3.69,3.32,3.4
2014-02-16,3.42,3.54,3.32,3.52
2014-02-23,3.5124999999999997,3.59,3.38,3.39
2014-03-02,3.42,3.45,3.3,3.37
2014-03-09,3.35,3.42,3.3,3.36
2014-03-16,3.32,4.2,3.32,3.51
2014-03-23,3.6,7.0,3.48,6.49
2014-03-30,6.05,6.24,3.87,4.06
2014-04-06,4.04,4.78,4.02,4.1
2014-04-13,4.14,4.6,3.6,3.63
2014-04-20,3.69,4.05,3.32,3.735
2014-04-27,4.0,4.95,3.85,3.99
2014-05-04,4.0,4.35,3.82,4.2
2014-05-11,4.26,4.59,3.7,3.8
2014-05-18,3.9,4.1,3.74,3.97
2014-05-25,3.96,4.4,3.84,4.13
2014-06-01,4.137499999999999,5.19,4.11,5.05
2014-06-08,5.15,5.39,4.08,4.11
2014-06-15,4.14,4.5,4.1,4.21
2014-06-22,4.3,4.45,4.1,4.27
2014-06-29,4.28,4.39,4.04,4.18
2014-07-06,4.18,4.18,3.9699999999999998,3.9875
2014-07-13,4.01,4.05,3.58,3.61
2014-07-20,3.62,3.65,3.09,3.2
2014-07-27,3.2,3.39,3.16,3.24
2014-08-03,3.26,3.41,3.1,3.2
2014-08-10,3.22,3.38,3.1,3.17
2014-08-17,3.17,3.5,3.17,3.36
2014-08-24,3.4,4.25,3.34,3.91
2014-08-31,4.0,4.0,3.78,3.87
2014-09-07,3.6525,3.7350000000000003,3.21,3.32
2014-09-14,3.27,3.31,2.69,2.82
2014-09-21,2.77,2.87,2.58,2.74
2014-09-28,2.7,2.78,2.55,2.66
2014-10-05,2.64,2.9,2.61,2.76
2014-10-12,2.84,2.84,2.6,2.68
2014-10-19,2.66,2.8,2.6,2.79
2014-10-26,2.79,3.0,2.78,2.92
2014-11-02,3.04,3.04,2.84,2.96
2014-11-09,2.94,2.98,2.72,2.74
2014-11-16,2.77,2.95,2.65,2.86
2014-11-23,2.84,2.9,2.76,2.79
2014-11-30,2.77,3.0,2.64,2.8
2014-12-07,2.8,3.1,2.67,3.03
2014-12-14,3.03,3.1,2.77,2.9
2014-12-21,2.82,3.0,2.76,2.87
2014-12-28,2.87,3.02,2.83,2.99
2015-01-04,3.01,3.24,2.94,3.15
2015-01-11,3.11,3.21,2.9,2.98
2015-01-18,3.1,3.1,2.75,2.99
2015-01-25,2.9675000000000002,3.12,2.91,3.1
2015-02-01,3.06,3.2,3.05,3.15
2015-02-08,3.14,3.55,3.08,3.48
2015-02-15,3.52,3.76,3.48,3.71
2015-02-22,3.73,3.745,3.57,3.6
2015-03-01,3.56,3.7,3.38,3.6
2015-03-08,3.61,3.73,3.51,3.65
2015-03-15,3.68,3.74,3.52,3.69
2015-03-22,3.72,3.88,3.56,3.74
2015-03-29,3.74,4.35,3.55,3.76
2015-04-05,3.81,3.82,3.46,3.68
2015-04-12,3.65,3.75,3.54,3.72
2015-04-19,3.74,3.82,3.65,3.7
2015-04-26,3.69,3.74,3.42,3.52
2015-05-03,3.55,3.59,3.24,3.3
2015-05-10,3.3,3.48,3.26,3.28
2015-05-17,3.28,3.34,3.06,3.12
2015-05-24,3.08,3.19,3.0,3.14
2015-05-31,3.0999999999999996,3.18,3.0775,3.11
2015-06-07,3.1,3.16,3.05,3.12
2015-06-14,3.14,3.69,3.05,3.54
2015-06-21,3.5,3.75,3.4,3.6
2015-06-28,3.62,3.75,3.51,3.63
2015-07-05,3.56,3.62,3.48,3.5875
2015-07-12,3.58,3.65,3.36,3.6
2015-07-19,3.6,3.67,3.42,3.55
2015-07-26,3.53,3.63,3.38,3.43
2015-08-02,3.43,3.46,3.28,3.39
2015-08-09,3.41,3.54,3.18,3.25
2015-08-16,3.25,3.58,3.22,3.43
2015-08-23,3.4,3.43,3.11,3.19
2015-08-30,3.01,3.23,2.82,3.17
2015-09-06,3.16,3.26,3.08,3.25
2015-09-13,3.2225,3.36,3.14,3.29
2015-09-20,3.3,3.36,3.15,3.15
2015-09-27,3.18,3.26,2.75,2.83
2015-10-04,2.82,2.84,2.4,2.71
2015-10-11,2.71,2.81,2.41,2.52
2015-10-18,2.54,2.67,2.39,2.42
2015-10-25,2.42,2.57,2.05,2.12
2015-11-01,2.12,2.21,1.95,2.11
2015-11-08,2.11,2.33,2.04,2.2
2015-11-15,2.16,2.25,1.82,1.93
2015-11-22,1.91,1.98,1.69,1.91
2015-11-29,1.93,2.3,1.93,2.22
2015-12-06,2.22,2.37,2.07,2.11
2015-12-13,2.07,2.15,1.89,1.89
2015-12-20,1.88,2.3,1.8,2.3
2015-12-27,2.36,2.59,2.31,2.5425
2016-01-03,2.49,2.63,2.44,2.5675
2016-01-10,2.54,2.69,2.21,2.38
2016-01-17,2.37,2.39,1.88,2.03
2016-01-24,2.05,2.21,1.82,2.09
2016-01-31,2.04,2.36,1.95,2.11
2016-02-07,2.1,2.17,2.0,2.06
2016-02-14,2.03,2.09,1.76,1.85
2016-02-21,1.8325,2.15,1.8050000000000002,2.02
2016-02-28,2.13,2.27,1.9,1.99
2016-03-06,2.02,2.14,1.77,1.97
2016-03-13,1.97,5.18,1.94,4.33
2016-03-20,4.16,4.75,3.81,4.61
2016-03-27,4.7,6.1925,4.59,5.8975
2016-04-03,6.25,6.35,5.25,6.03
2016-04-10,5.95,6.69,3.04,3.14
2016-04-17,3.14,3.59,3.1,3.42
2016-04-24,3.5,3.53,2.97,3.15
2016-05-01,3.16,3.3,2.88,2.88
2016-05-08,2.92,3.06,2.62,2.66
2016-05-15,2.63,3.15,2.63,2.93
2016-05-22,2.95,3.12,2.85,2.93
2016-05-29,2.91,2.98,2.77,2.8
2016-06-05,2.81,2.8875,2.7,2.71
2016-06-12,2.74,2.78,2.32,2.43
2016-06-19,2.4,2.47,2.22,2.27
2016-06-26,2.28,2.46,2.12,2.19
2016-07-03,2.11,2.42,1.96,2.26
2016-07-10,2.26,2.39,2.1,2.22
2016-07-17,2.22,2.31,2.07,2.15
2016-07-24,2.16,2.38,2.1,2.14
2016-07-31,2.11,2.43,2.11,2.26
2016-08-07,2.31,2.49,2.22,2.35
2016-08-14,2.36,2.4,2.1,2.17
2016-08-21,2.17,2.43,2.08,2.25
2016-08-28,2.21,2.74,2.17,2.25
2016-09-04,2.29,2.41,2.2,2.25
2016-09-11,2.2475,2.3,2.16,2.2
2016-09-18,2.18,2.6,2.18,2.37
2016-09-25,2.37,2.95,2.36,2.92
2016-10-02,2.89,3.13,2.73,2.8
2016-10-09,2.82,2.97,2.71,2.85
2016-10-16,2.86,3.08,2.37,2.43
2016-10-23,2.2,2.55,2.2,2.45
2016-10-30,2.6,2.6,2.25,2.35
2016-11-06,2.3,2.35,2.1,2.15
2016-11-13,2.15,2.35,2.0,2.25
2016-11-20,2.25,2.58,2.15,2.4
2016-11-27,2.4,2.55,2.25,2.55
2016-12-04,2.55,2.65,2.35,2.4
2016-12-11,2.4,2.8,2.3,2.75
2016-12-18,2.9,4.55,2.55,3.05
2016-12-25,3.1,3.43,2.85,2.85
2017-01-01,2.9375,3.2,2.85,3.0
2017-01-08,3.0374999999999996,3.15,2.9,2.95
2017-01-15,2.95,3.0,2.8,2.95
2017-01-22,2.9,3.0,2.6,2.7
2017-01-29,2.7,2.73,2.25,2.6
2017-02-05,2.55,3.0,2.45,2.6
2017-02-12,2.6,2.8,2.55,2.75
2017-02-19,2.75,3.05,2.7,3.05
2017-02-26,3.1625,3.25,2.85,2.9
2017-03-05,2.9,3.05,2.8,2.9
2017-03-12,2.9,3.05,2.75,2.85
2017-03-19,2.85,2.95,2.75,2.9
2017-03-26,2.9,2.9,2.65,2.85
2017-04-02,2.85,2.9,2.68,2.8
2017-04-09,2.8,2.8,2.6,2.7
2017-04-16,2.65,2.7,2.5,2.5875
2017-04-23,2.6,2.65,2.55,2.6
2017-04-30,2.6,2.7,2.6,2.6
2017-05-07,2.6,2.7,2.5,2.6
2017-05-14,2.6,2.65,2.35,2.65
2017-05-21,2.6,2.75,2.55,2.65
2017-05-28,2.7,3.0,2.65,2.95
2017-06-04,2.9250000000000003,3.1,2.8625,3.03
2017-06-11,3.0,3.05,2.65,2.7
2017-06-18,2.7,2.8,2.55,2.55
2017-06-25,2.6,3.0,2.55,3.0
2017-07-02,3.0,3.6,2.95,3.3
2017-07-09,3.25,3.5,3.25,3.5
2017-07-16,3.5,3.55,3.15,3.35
2017-07-23,3.3,3.5,3.0,3.4
2017-07-30,3.4,3.54,3.25,3.3
2017-08-06,3.25,3.35,3.0,3.1
2017-08-13,3.1,3.51,3.0,3.5
2017-08-20,3.5,3.7,3.3,3.4
2017-08-27,3.45,3.58,3.35,3.5
2017-09-03,3.55,4.7,3.45,4.35
2017-09-10,4.3875,4.5,4.1625,4.45
2017-09-17,4.5,4.55,4.2,4.55
2017-09-24,4.6,5.25,4.55,4.95
2017-10-01,5.0,6.3,4.65,6.0
2017-10-08,6.05,6.15,4.75,4.9
2017-10-15,4.9,5.25,4.6,4.85
2017-10-22,4.9,4.9,4.2,4.2
2017-10-29,4.25,4.58,4.15,4.35
2017-11-05,4.35,4.65,4.25,4.4
2017-11-12,4.45,4.5,3.3,4.05
2017-11-19,4.1,4.1,3.63,3.8
2017-11-26,3.75,4.45,3.7,4.25
2017-12-03,4.25,4.85,3.9,4.5
2017-12-10,4.45,5.45,4.4,4.72
2017-12-17,4.7,4.95,4.45,4.7
2017-12-24,4.7,5.35,4.6,5.15
2017-12-31,5.0375,5.6,5.0,5.45
2018-01-07,5.475,6.05,5.31,5.85
2018-01-14,5.8,6.75,5.75,6.63
2018-01-21,6.6375,6.75,6.05,6.7
2018-01-28,6.75,7.55,6.65,7.3
2018-02-04,7.25,8.25,6.85,7.6
2018-02-11,7.4,7.75,6.0,6.6
2018-02-18,6.85,7.6,6.6,7.25
2018-02-25,7.2875,7.525,6.8,7.3
2018-03-04,7.45,8.5,7.45,8.35
2018-03-11,9.4,12.8,9.2,11.55
2018-03-18,11.8,12.25,10.95,11.6
2018-03-25,11.6,11.75,9.95,10.1
2018-04-01,10.4,10.5,9.25,9.862499999999999
2018-04-08,10.0,11.7,9.25,11.2
2018-04-15,11.35,13.2,10.67,11.55
2018-04-22,11.7,12.7,11.2,11.8
2018-04-29,11.75,13.3,11.3,12.85
2018-05-06,12.85,13.59,12.55,12.7
2018-05-13,12.65,13.75,11.0,13.3
2018-05-20,13.35,14.73,13.15,14.35
2018-05-27,14.3,14.75,13.5,13.7
2018-06-03,13.8,14.65,13.25,14.4
2018-06-10,14.4,14.4,12.65,13.15
2018-06-17,13.1,13.6,11.8,11.85
2018-06-24,11.85,12.71,10.15,11.0
2018-07-01,10.85,11.0,9.25,9.7
2018-07-08,9.45,10.16,9.45,10.1
2018-07-15,10.15,10.95,8.95,9.1
2018-07-22,9.75,10.68,9.0,10.6
2018-07-29,10.6,10.95,9.85,10.0
2018-08-05,10.05,10.65,9.7,10.15
2018-08-12,10.05,13.2,10.05,12.9
2018-08-19,12.8,12.98,10.3,11.1
2018-08-26,11.0,12.55,10.8,12.5
2018-09-02,12.55,12.85,11.6,12.2
2018-09-09,12.1625,14.6,11.45,12.9
2018-09-16,12.9,13.15,11.78,12.9
2018-09-23,12.9,14.8,12.85,14.1
2018-09-30,14.4,14.95,13.84,14.15
2018-10-07,14.23,15.29,13.47,14.0
2018-10-14,13.96,14.12,12.64,13.23
2018-10-21,13.21,13.21,11.14,11.33
2018-10-28,11.36,11.88,10.62,11.24
2018-11-04,11.38,12.64,10.51,12.02
2018-11-11,12.02,17.51,11.51,16.11
2018-11-18,16.19,17.32,15.49,16.99
2018-11-25,16.85,17.11,16.05,16.84
2018-12-02,17.0,17.9,16.03,17.58
2018-12-09,17.9,18.87,16.71,16.93
2018-12-16,16.8,18.23,16.52,17.1
2018-12-23,17.1,17.58,14.33,14.34
2018-12-30,14.12,17.77,14.0,17.37
2019-01-06,17.4,17.83,16.04,17.29
2019-01-13,17.47,18.65,17.21,17.76
2019-01-20,17.53,18.2,16.95,17.99
2019-01-27,17.7425,17.9375,16.85,17.3
2019-02-03,17.1,17.56,16.1,17.51
2019-02-10,17.56,17.86,16.47,17.24
2019-02-17,17.3,19.54,17.05,19.49
2019-02-24,19.4625,20.02,18.93,19.57
2019-03-03,19.97,21.01,16.2,19.31
2019-03-10,19.32,20.5,19.06,20.29
2019-03-17,20.25,20.3,19.0,19.2
2019-03-24,19.19,19.61,18.09,18.18
2019-03-31,18.24,18.57,16.93,17.51
2019-04-07,17.52,18.15,16.7,17.77
2019-04-14,18.19,18.89,17.3,18.67
2019-04-21,18.7,18.85,16.15,16.6625
2019-04-28,16.63,18.1,16.46,17.82
2019-05-05,17.92,18.11,16.26,17.65
2019-05-12,17.25,18.41,16.56,17.74
2019-05-19,17.33,17.65,16.35,16.36
2019-05-26,16.15,16.32,15.13,15.77
2019-06-02,15.695,16.37,15.15,15.65
2019-06-09,15.7,16.97,15.24,15.8
2019-06-16,15.85,16.69,14.91,16.04
2019-06-23,16.23,18.38,16.12,18.34
2019-06-30,18.34,19.0,17.3,18.89
2019-07-07,19.03,19.29,18.47,18.96
2019-07-14,18.95,19.9,18.68,19.83
2019-07-21,19.95,19.95,18.66,18.73
2019-07-28,18.83,19.31,17.96,19.27
2019-08-04,19.24,19.78,18.46,18.54
2019-08-11,18.3,19.77,17.12,18.02
2019-08-18,18.03,18.03,15.24,16.32
2019-08-25,16.58,17.49,16.22,16.25
2019-09-01,16.41,17.1,16.03,16.54
2019-09-08,16.564999999999998,16.7825,15.54,16.14
2019-09-15,16.22,17.0,15.32,16.04
2019-09-22,16.01,16.32,15.81,16.07
2019-09-29,16.0,16.24,14.9,14.97
2019-10-06,15.0,15.4,13.41,14.22
2019-10-13,14.16,14.62,13.4,14.45
2019-10-20,14.31,15.66,14.07,15.45
2019-10-27,15.28,16.21,15.26,16.14
2019-11-03,16.13,16.39,15.4,16.28
2019-11-10,16.46,19.57,15.97,18.8
2019-11-17,18.76,19.51,18.36,18.65
2019-11-24,18.5,18.99,18.13,18.55
2019-12-01,18.65,19.1,18.36,18.66
2019-12-08,18.78,19.1,18.26,18.63
2019-12-15,18.29,18.78,17.34,17.64
2019-12-22,17.67,17.87,17.02,17.32
2019-12-29,17.39,17.99,17.2,17.45
2020-01-05,17.23,17.56,17.07,17.19
2020-01-12,17.45,17.79,16.55,16.7
2020-01-19,16.68,17.6,15.9,17.47
2020-01-26,17.4575,17.5175,16.57,16.82
2020-02-02,16.65,17.2,16.36,16.4
2020-02-09,16.69,17.55,16.53,16.93
2020-02-16,16.9,19.1,16.9,19.07
2020-02-23,19.0325,19.48,18.58,19.22
2020-03-01,18.88,19.08,14.4,15.44
2020-03-08,15.56,15.77,13.85,14.02
2020-03-15,13.12,13.19,10.5,12.55
2020-03-22,11.32,11.78,6.78,7.94
2020-03-29,8.11,10.44,7.0,9.39
2020-04-05,9.3,9.81,7.81,8.5
2020-04-12,8.79,11.35,8.79,10.935
2020-04-19,11.08,12.74,10.35,12.69
2020-04-26,12.48,13.9,12.23,13.5
2020-05-03,13.66,15.0,13.56,14.01
2020-05-10,13.72,15.3,13.31,15.18
2020-05-17,15.03,15.95,14.4,15.05
2020-05-24,15.4,15.74,13.78,14.26
2020-05-31,14.5475,14.69,13.83,14.38
2020-06-07,14.4,15.01,14.3,14.74
2020-06-14,14.88,15.0,13.34,13.91
2020-06-21,13.54,15.01,13.54,14.46
2020-06-28,14.47,15.18,12.82,13.03
2020-07-05,13.29,16.0,13.19,15.032499999999999
2020-07-12,15.27,16.12,14.52,16.06
2020-07-19,16.24,16.88,15.88,16.42
2020-07-26,16.45,16.51,14.93,15.72
2020-08-02,15.75,16.95,15.57,16.49
2020-08-09,16.56,17.38,14.45,15.74
2020-08-16,15.89,16.44,15.2,15.35
2020-08-23,15.32,16.88,15.32,16.46
2020-08-30,16.54,17.1,15.47,16.37
2020-09-06,16.47,16.49,14.84,15.89
2020-09-13,15.532499999999999,17.53,15.237499999999999,17.16
2020-09-20,17.36,19.64,17.06,19.12
2020-09-27,18.75,19.39,17.78,18.28
2020-10-04,18.46,19.6,17.87,19.46
2020-10-11,19.47,22.06,19.47,21.82
2020-10-18,22.06,22.26,20.42,20.68
2020-10-25,21.0,21.23,19.07,20.75
2020-11-01,20.46,20.97,18.09,18.53
2020-11-08,18.78,22.68,18.68,22.48
2020-11-15,23.3,26.08,23.16,25.79
2020-11-22,25.85,26.22,23.1,23.68
2020-11-29,23.93,25.68,22.93,25.2
2020-12-06,25.32,26.82,24.31,25.13
2020-12-13,25.13,27.65,24.42,26.43
2020-12-20,26.61,27.8,25.75,26.81
2020-12-27,26.52,29.33,26.06,28.985
2021-01-03,29.24,32.0,28.39,30.8925
2021-01-10,30.74,36.75,30.03,36.17
2021-01-17,31.89,39.92,30.6,39.01
2021-01-24,39.53,41.31,37.64,41.23
2021-01-31,41.75,43.98,38.35,41.27
2021-02-07,41.98,47.7,40.77,47.18
2021-02-14,47.18,53.98,47.0,50.68
2021-02-21,51.16,53.754999999999995,49.11,51.4
2021-02-28,51.3,52.15,42.26,48.28
2021-03-07,49.42,49.5,39.06,42.51
2021-03-14,42.52,46.91,40.63,46.68
2021-03-21,46.62,60.0,43.98,59.48
2021-03-28,59.48,59.98,49.25,51.64
2021-04-04,51.36,56.74,49.97,53.4675
2021-04-11,54.23,60.49,53.1,57.77
2021-04-18,57.94,60.41,55.16,58.62
2021-04-25,57.75,63.54,51.26,59.59
2021-05-02,60.25,64.9,59.8,62.42
2021-05-09,63.48,63.58,51.5,52.65
2021-05-16,52.49,52.62,46.15,50.77
2021-05-23,50.05,53.16,49.25,52.73
2021-05-30,53.15,57.19,52.17,56.5
2021-06-06,56.465,57.22,53.42,55.7
2021-06-13,56.0,59.45,54.44,57.58
2021-06-20,58.04,62.97,55.28,61.35
2021-06-27,62.01,68.94,59.89,67.4
2021-07-04,67.9,68.7,51.43,51.77
2021-07-11,52.03,55.82,50.76,53.06
2021-07-18,53.7,54.87,50.5,50.69
2021-07-25,49.96,55.11,49.15,53.24
2021-08-01,53.18,55.05,50.5,52.94
2021-08-08,53.5,54.06,47.86,49.21
2021-08-15,49.01,50.14,44.79,47.07
2021-08-22,46.76,50.52,46.15,50.2
2021-08-29,50.3,55.63,50.3,55.61
2021-09-05,55.66,60.24,53.64,56.38
2021-09-12,57.14,58.32,50.84,51.63
2021-09-19,52.14,53.99,49.12,51.69
2021-09-26,50.05,51.07,46.5,49.2
2021-10-03,49.08,50.79,47.45,50.32
2021-10-10,49.95,52.87,47.91,51.21
2021-10-17,51.25,51.78,47.85,50.79
2021-10-24,50.16,52.82,48.85,51.29
2021-10-31,51.37,52.05,45.11,46.02
2021-11-07,46.54,51.08,44.34,46.05
2021-11-14,46.54,46.79,40.67,41.8
2021-11-21,41.77,46.3,40.33,44.33
2021-11-28,44.58,44.58,37.37,38.31
2021-12-05,39.18,39.74,34.0,35.66
2021-12-12,35.84,41.18,34.64,37.92
2021-12-19,37.48,41.65,34.86,40.82
2021-12-26,40.18,42.2325,37.7,41.7225
2022-01-02,42.0,42.84,39.11,39.3
2022-01-09,39.71,41.75,36.27,36.48
2022-01-16,35.82,39.75,34.52,35.78
2022-01-23,34.8625,36.0025,32.2,32.83
2022-01-30,32.75,34.99,31.37,33.28
2022-02-06,33.82,35.97,33.0,33.91
2022-02-13,33.87,37.52,33.09,35.26
2022-02-20,35.11,37.62,33.76,34.9
2022-02-27,34.5575,39.41,30.67,39.22
2022-03-06,39.15,43.97,38.37,39.44
2022-03-13,39.41,40.28,33.88,33.99
2022-03-20,34.26,35.92,32.12,34.63
2022-03-27,34.63,36.52,32.73,35.78
2022-04-03,35.78,41.24,35.48,39.45
2022-04-10,39.77,40.35,36.64,36.84
2022-04-17,36.28,38.07,35.56,36.36
2022-04-24,36.93,40.35,34.59,35.4
2022-05-01,34.98,35.44,28.39,28.5
2022-05-08,28.57,32.16,26.49,26.9
2022-05-15,26.58,28.54,25.11,28.3
2022-05-22,28.11,28.87,26.21,27.39
2022-05-29,27.71,28.21,26.04,28.07
2022-06-05,27.697499999999998,28.0475,25.43,27.24
2022-06-12,27.74,27.78,24.26,24.75
2022-06-19,23.45,24.57,22.42,23.25
2022-06-26,23.6225,26.47,22.99,25.7
2022-07-03,25.97,26.09,24.05,25.82
2022-07-10,25.25,28.4,24.62,27.86
2022-07-17,27.69,28.21,26.2,27.54
2022-07-24,27.74,28.94,26.98,28.22
2022-07-31,28.13,32.69,27.6,32.54
2022-08-07,32.04,33.26,29.11,30.77
2022-08-14,30.97,31.69,26.81,28.13
2022-08-21,27.84,31.22,27.84,30.35
2022-08-28,30.01,30.36,25.9,27.07
2022-09-04,26.69,27.54,22.51,22.69
2022-09-11,23.3075,26.27,22.06,26.02
2022-09-18,26.07,26.97,24.07,26.04
2022-09-25,25.86,26.24,22.98,23.96
2022-10-02,23.96,25.03,22.82,23.2
2022-10-09,23.53,24.53,22.16,23.49
2022-10-16,23.49,25.78,22.43,24.25
2022-10-23,24.37,25.49,23.69,24.84
2022-10-30,24.84,27.55,24.0,26.35
2022-11-06,26.21,27.87,24.49,24.96
2022-11-13,24.7,25.09,17.3,23.8
2022-11-20,23.6,23.96,20.4,21.29
2022-11-27,21.16,22.02,20.46,21.47
2022-12-04,21.34,24.24,20.72,23.85
2022-12-11,23.54,23.82,22.24,22.97
2022-12-18,23.01,26.27,22.68,24.56
2022-12-25,24.44,25.57,22.16,23.83
2023-01-01,23.967499999999998,27.5,23.29,26.34
2023-01-08,26.2225,26.9,23.39,23.88
2023-01-15,24.05,30.13,23.61,28.21
2023-01-22,28.27,30.0,27.93,28.98
2023-01-29,29.07,29.5,27.33,28.53
2023-02-05,28.08,31.73,26.88,31.06
2023-02-12,30.57,31.5,28.1,28.86
2023-02-19,28.96,29.93,28.35,29.82
2023-02-26,29.1125,31.52,28.0,30.5
2023-03-05,30.82,31.49,28.63,31.33
2023-03-12,31.39,31.61,27.92,29.4
2023-03-19,28.96,31.29,28.93,29.31
2023-03-26,29.64,30.76,28.04,28.97
2023-04-02,29.19,29.69,28.02,29.32
2023-04-09,29.1,30.372500000000002,28.4101,30.185
2023-04-16,29.99,31.425,29.53,29.83
2023-04-23,30.0,31.67,29.25,30.8
2023-04-30,30.71,31.58,29.235,31.51
2023-05-07,31.51,33.73,30.98,33.04
2023-05-14,33.0,35.46,30.4,32.79
2023-05-21,32.92,34.35,32.33,32.51
2023-05-28,32.62,35.73,32.08,33.55
2023-06-04,33.4025,34.1,31.65,32.93
2023-06-11,32.5,35.78,31.895,34.96
2023-06-18,35.21,35.21,33.2201,33.67
2023-06-25,33.82,36.69,33.07,36.48
2023-07-02,36.43,38.98,35.58,37.57
2023-07-09,37.39,37.52,35.46,35.74
2023-07-16,35.76,39.41,35.66,39.02
2023-07-23,38.98,39.895,38.18,38.72
